   3.8069447e-01   2.8645187e-01
   3.7147972e-01   2.7610805e-01
   5.3095965e-01   7.8017929e-01
   1.9417189e-01   9.1747921e-01
   5.3425321e-01   5.5106716e-02
   9.6598533e-01   4.0278930e-01
   8.9339381e-01   3.7437460e-01
   7.0110112e-01   1.4856883e-01
   5.4348089e-01   7.2357973e-01
   8.9536489e-01   4.5556761e-01
   2.4450728e-01   2.5123131e-01
   3.5470044e-01   6.5845439e-01
   4.5116266e-01   2.7371411e-01
   9.5245535e-01   2.4418535e-01
   1.3545223e-01   8.3024548e-01
   3.7492131e-01   8.8601573e-02
   4.4996465e-01   6.8296989e-01
   5.4254472e-01   8.1515287e-01
   2.6725816e-01   2.3065254e-03
   9.3133345e-01   6.5318190e-04
   7.9657677e-01   2.8818207e-01
   5.7599323e-01   2.2118719e-01
   2.8678528e-01   2.7877239e-01
   9.9536307e-01   4.1261794e-01
   9.0039030e-01   2.7601576e-01
   1.6601480e-01   7.6817900e-01
   3.4239374e-01   6.5283991e-02
   5.7691178e-01   5.6510345e-01
   3.5072392e-01   6.3897733e-01
   8.5760515e-01   8.3087422e-01
   1.8161838e-01   9.0526002e-01
   8.0880970e-02   9.1870382e-01
   9.6101695e-01   3.6644059e-01
   2.0996332e-01   5.6344549e-01
   2.8977814e-01   8.1750590e-01
   6.9379869e-01   9.7013899e-01
   2.9072815e-01   4.1106084e-01
   3.9347478e-01   7.3929421e-01
   6.5502887e-01   7.2394397e-01
   2.9945456e-01   2.0766458e-01
   4.6616845e-01   5.1168147e-01
   1.7921029e-01   5.0925520e-01
   6.5698146e-01   9.9936048e-01
   3.7308155e-02   4.0667710e-01
   1.2621627e-01   2.4790703e-01
   2.0188423e-01   2.8590345e-01
   1.2109970e-01   4.0743147e-01
   7.0084918e-01   4.3418122e-01
   9.6114106e-02   8.1901065e-02
   2.7977490e-01   2.7409601e-01
   6.2319941e-01   3.4857495e-01
   2.3193338e-01   5.4814669e-01
   7.9848490e-01   5.0841609e-01
   1.3173668e-01   9.3559695e-01
   5.3788515e-02   9.8058159e-01
   2.8000704e-01   6.3816637e-01
   1.4916413e-01   4.0813492e-01
   9.6990071e-01   8.1667702e-01
   2.6455368e-01   5.9942609e-01
   4.0055173e-01   4.5595889e-01
   6.5885841e-01   4.8413733e-01
   1.5582502e-01   6.0735190e-03
   3.5568427e-01   9.0550821e-01
   5.5658228e-01   9.1445685e-01
   1.1802155e-01   3.2200603e-01
   5.4679467e-01   6.1001838e-01
   8.6681105e-01   6.9099408e-01
   4.2048739e-01   3.4192971e-01
   1.5870468e-01   1.4848975e-01
   4.7897561e-01   5.6108238e-01
   6.6452345e-01   5.1391790e-02
   1.4964146e-01   2.2228638e-01
   6.5380068e-01   8.6614428e-01
   5.2916394e-01   9.7769083e-01
   9.4368597e-01   5.2571005e-01
   5.1585782e-01   5.9804615e-01
   1.3514793e-01   5.7523338e-01
   1.8889701e-01   7.6102919e-03
   9.4808099e-01   6.7075730e-01
   1.5245910e-02   1.0796187e-01
   2.7924689e-01   6.2987183e-01
   2.2777943e-01   4.5783962e-01
   5.4197111e-01   7.7968277e-01
   5.3122849e-01   5.8828855e-01
   9.8270805e-01   5.9580049e-01
   6.6629932e-01   4.7209925e-01
   8.0106610e-01   5.3705424e-01
   3.8486759e-01   9.7503483e-01
   4.6177856e-01   6.6077586e-01
   1.0159829e-01   6.0979375e-02
   1.2242249e-02   6.4564609e-01
   9.8421536e-01   8.5605086e-01
   1.5577608e-01   6.8504820e-01
   1.7164792e-01   9.5222342e-01
   5.3986021e-01   3.2878499e-01
   8.5503616e-01   7.9974355e-01
   5.3308412e-01   3.2773970e-01
   4.7348078e-01   2.2244355e-01
   8.0715545e-01   2.0325101e-01
   6.9286665e-01   2.2816847e-01
   5.0905341e-01   3.1010303e-01
   6.0900180e-01   1.4535742e-01
   6.5452278e-01   4.5635418e-01
   2.6347542e-01   7.2578851e-01
   4.8980203e-01   9.6629986e-01
   7.0544974e-01   7.6230433e-01
   1.7342054e-01   6.8212223e-01
   8.4140781e-01   2.7358401e-01
   3.7410312e-01   1.9418276e-01
   2.8211662e-01   6.2060486e-01
   4.8669780e-01   7.0635217e-01
   3.9674453e-01   3.1852797e-01
   8.2807337e-01   2.8021794e-01
   8.2286019e-01   4.1115312e-02
   4.6843813e-01   4.3972645e-03
   4.3376754e-02   1.0732844e-02
   3.8643645e-01   1.1988862e-01
   5.1435083e-01   8.1449641e-01
   8.6605561e-01   3.4489035e-02
   8.7889357e-01   9.8269877e-01
   2.6591086e-01   9.8247124e-01
   8.4659858e-01   7.3627032e-01
   1.8274832e-01   6.2807540e-01
   6.6189735e-01   6.0311690e-01
   6.7066725e-02   4.9123329e-03
   5.2792521e-01   5.2988598e-01
   6.4013040e-01   4.8270521e-01
   6.7337474e-01   6.3038184e-01
   3.8966136e-01   2.7950248e-01
   4.1796471e-01   3.3109160e-01
   1.8920870e-01   9.1344969e-01
   7.0524539e-01   8.0536361e-01
   7.9098723e-01   6.0282182e-01
   5.3405185e-01   8.5844034e-01
   4.3661529e-01   5.0911102e-02
   5.1489675e-01   1.9358256e-02
   7.7947387e-02   6.9806126e-01
   5.3834984e-01   7.8972499e-01
   8.3555392e-03   3.0159716e-01
   2.1268577e-01   2.6531063e-01
   3.1293528e-01   6.1387036e-01
   2.8299469e-01   9.5109426e-01
   2.1911543e-01   9.3372213e-01
   9.8174115e-01   8.4874501e-02
   6.9167983e-01   1.9932424e-01
   4.2599599e-01   1.7227908e-01
   3.1214198e-01   3.4306780e-01
   5.8335852e-02   1.9294005e-01
   3.3704719e-01   1.1465061e-01
   6.4313246e-01   7.8564382e-01
   2.0586986e-01   5.6121379e-01
   3.4729293e-01   5.0470901e-01
   3.5437819e-01   7.9194651e-01
   1.7347663e-01   5.1621611e-01
   9.0484163e-01   9.0755544e-01
   7.9710775e-01   4.9722309e-01
   1.6493341e-01   4.7521556e-01
   4.2611865e-01   7.0360402e-01
   3.5387399e-01   3.0220996e-01
   8.0425565e-01   3.1076931e-01
   4.4393057e-01   9.2230579e-03
   8.2771419e-01   4.7798726e-01
   1.1538351e-01   9.4391521e-01
   9.5188420e-01   4.9061844e-02
   7.7670910e-01   6.8476676e-01
   1.0734096e-01   4.1600012e-01
   1.4302707e-01   1.1776476e-01
   6.9846328e-01   3.6364379e-01
   1.6014918e-01   8.1863341e-01
   3.0586861e-01   1.0882032e-01
   2.0204427e-01   3.5552167e-01
   7.0280913e-01   1.2147865e-01
   6.3897227e-01   8.1886008e-01
   9.6948740e-01   9.0057515e-01
   1.3503576e-01   8.9813831e-01
   8.6041190e-02   4.6162732e-01
   6.8633443e-01   2.4097532e-02
   9.8515685e-01   7.8070701e-01
   1.5089100e-01   3.8623359e-01
   6.3922133e-02   7.4210461e-01
   1.4089266e-01   9.4554277e-01
   2.7149148e-01   2.3938951e-01
   4.1145707e-01   5.3497696e-03
   8.5791083e-01   9.6955163e-01
   2.3993602e-01   5.4438891e-01
   9.5718689e-01   3.8345672e-01
   6.3833365e-01   8.7341686e-02
   1.4202773e-01   7.3305806e-01
   9.9630116e-01   8.9341327e-01
   7.0824475e-01   3.0148735e-01
   3.7012747e-02   4.8470026e-01
   7.6744706e-03   8.0556490e-01
   8.0298852e-01   9.5285988e-01
   7.3106788e-01   4.7807329e-01
   8.6431690e-01   4.5076725e-01
   5.6912805e-01   6.3440590e-01
   7.2919755e-01   8.6712568e-01
   6.1703396e-01   1.1229492e-01
   5.3132536e-01   4.6920659e-01
   8.0709427e-01   4.4360051e-03
   3.8393594e-01   1.9404612e-01
   5.8878013e-01   3.4672131e-01
   3.1784921e-02   3.2861798e-01
   4.1931559e-01   2.4287842e-01
   6.4844268e-01   2.1591997e-01
   4.4964725e-01   3.9912945e-01
   5.7471442e-01   1.5339292e-01
   9.9739163e-01   2.7984267e-01
   4.0700161e-01   3.7659188e-01
   3.1816931e-01   6.8817370e-01
   5.7754437e-01   4.8898987e-01
   6.9984186e-01   6.8354219e-01
   3.0301014e-01   5.4909700e-01
   2.3009051e-01   5.0046616e-01
   9.7401463e-01   7.6777129e-02
   3.3905270e-02   9.8221813e-01
   6.3922753e-01   4.9104262e-01
   5.3020506e-01   8.3275259e-01
   1.9934616e-01   4.3860207e-01
   6.4592496e-01   6.9785192e-01
   4.7588363e-01   4.4013915e-01
   6.3672114e-01   9.2426208e-02
   6.9298122e-01   9.3713325e-01
   9.9616104e-01   6.8284123e-01
   7.0964671e-01   2.2288559e-01
   7.4630694e-01   7.8633779e-01
   1.6973584e-01   4.7246318e-01
   3.9819041e-01   5.6374926e-02
   4.9045889e-01   1.8463113e-01
   2.1125281e-01   2.2139232e-01
   8.4921775e-01   2.3859004e-01
   1.2760566e-01   5.2446510e-01
   1.2468554e-01   7.9320238e-01
   9.5056626e-01   2.6040251e-01
   2.7651026e-01   4.8269290e-01
   2.2451093e-01   1.4518946e-01
   4.2235663e-01   6.4977965e-01
   8.5368416e-01   2.5413908e-01
   6.9441303e-01   7.0858319e-01
   8.2935706e-01   2.9379209e-02
   9.2843292e-01   9.9248040e-01
   1.4171421e-01   7.6168355e-01
   1.7000715e-02   6.7584344e-01
   7.8242005e-01   4.8269312e-01
   8.5184474e-02   2.7191583e-01
   5.4088194e-02   8.7117540e-01
   7.2742802e-01   7.2025903e-01
   1.7295629e-01   8.5878628e-01
   8.5741497e-01   1.2648235e-02
   6.7913921e-01   3.8531298e-01
   5.5549290e-02   2.0599166e-01
   3.5427434e-01   6.3009827e-01
   6.8778733e-01   9.8266364e-01
   7.9444129e-01   2.4400128e-01
   3.1579431e-01   7.2739908e-01
   8.1231834e-01   9.0033628e-01
   6.7836968e-01   9.2882082e-01
   4.1089749e-01   9.7127490e-01
   5.3378905e-01   3.6471903e-01
   2.7127261e-01   1.9399596e-01
   9.9777553e-01   2.4473062e-01
   8.3155241e-01   5.9074049e-01
   3.7215745e-02   3.6314010e-01
   3.6942618e-01   1.5913049e-01
   3.8458523e-01   3.4937373e-01
   9.1699102e-02   7.4743012e-01
   7.7148557e-01   1.3028875e-01
   3.0101762e-01   1.7473767e-01
   3.3433804e-02   1.6032459e-02
   3.6570844e-01   9.9267814e-01
   3.0510635e-01   1.0929218e-01
   5.3444846e-01   2.3939998e-01
   2.6243960e-01   2.2955728e-01
   6.5878681e-01   2.3978563e-01
   9.9834221e-01   2.7214241e-02
   4.9069711e-01   5.5820815e-01
   7.3321398e-01   9.3127834e-01
   9.8468682e-01   3.7625716e-01
   5.7890091e-01   5.8604629e-01
   2.0766423e-01   1.4672867e-01
   2.7616398e-01   2.8637656e-01
   2.1475229e-01   7.8702375e-01
   6.3783682e-02   1.7224803e-01
   6.8731974e-01   3.1540249e-01
   3.9191878e-01   3.3591188e-02
   4.6053550e-01   1.7083669e-02
   4.9006711e-01   4.7400840e-01
   3.5905211e-01   7.1188519e-01
   7.6966022e-01   5.6053201e-01
   5.1801470e-01   2.2191596e-01
   7.4556388e-02   3.3591071e-01
   7.7525747e-01   6.0684707e-01
   4.0378794e-02   1.0159972e-02
   6.3866556e-01   5.5911245e-01
   6.8278222e-01   8.6348841e-01
   7.1817274e-01   8.9510098e-01
   1.7518154e-01   3.5133992e-01
   4.7717891e-01   5.4469134e-01
   4.7865072e-01   8.9449729e-01
   4.1422519e-01   7.6829161e-01
   2.7650493e-01   5.8934431e-01
   1.2676421e-01   6.3839732e-01
   8.0806568e-01   8.9483452e-01
   6.9789159e-01   8.8910126e-01
   7.0086714e-01   6.1069157e-01
   4.1747423e-01   9.9010330e-02
   3.0312146e-03   1.7482011e-01
   6.6349551e-01   1.4369268e-01
   7.0666383e-02   2.2572016e-02
   5.5271516e-02   3.6997533e-01
   7.9330062e-01   8.2802652e-01
   5.4249298e-01   3.3204050e-01
   9.5085778e-02   4.8231129e-01
   6.3923774e-01   1.2149860e-01
   3.2736799e-01   9.4450929e-01
   4.2422882e-01   1.4739506e-01
   3.4408667e-01   3.7413657e-03
   7.1161089e-01   1.8215853e-01
   1.7313488e-01   7.1242849e-01
   4.1135330e-01   2.1440039e-01
   1.6753249e-01   9.7819884e-01
   1.0658714e-01   6.3461728e-02
   3.2668955e-01   4.8199403e-01
   5.7943162e-01   1.5528611e-01
   3.7533468e-01   7.8582775e-01
   9.8145207e-02   3.8892660e-01
   5.5991948e-01   1.3999184e-01
   2.4289420e-01   4.8048948e-01
   4.1477928e-01   9.7238783e-01
   7.0440653e-02   3.2785846e-01
   4.9554734e-01   1.1076371e-01
   4.0818172e-01   8.9194160e-03
   4.4747104e-01   8.3392891e-01
   4.3893650e-01   2.4883641e-01
   5.9528718e-02   2.0688350e-01
   6.1230974e-01   3.0958760e-01
   9.7569695e-01   4.9210179e-01
   5.6868942e-01   5.8272743e-01
   9.1260071e-02   2.6262840e-01
   3.7164984e-01   3.7021722e-02
   6.3323053e-01   1.1266772e-01
   4.9136091e-01   3.8971900e-01
   9.3006953e-01   4.2141044e-01
   4.6436557e-01   5.8263825e-01
   4.5420680e-01   7.5041820e-01
   7.7851790e-01   4.3778381e-01
   8.9919374e-01   6.3384134e-01
   3.4432033e-01   1.3350508e-01
   7.0896062e-01   8.4584950e-01
   2.2387929e-02   5.4592993e-01
   1.5549114e-01   8.3540052e-01
   3.0631965e-01   8.8319701e-01
   3.4392791e-03   2.7260940e-01
   6.3880838e-01   6.8483725e-01
   6.7113383e-01   3.7940587e-01
   8.4144299e-01   9.1253659e-01
   8.8282987e-01   7.7500593e-01
   1.4674675e-02   9.6255674e-01
   7.0377979e-01   1.5980616e-01
   7.8789857e-01   4.1736505e-01
   2.0936334e-01   3.1674621e-01
   2.9148268e-01   2.9636488e-01
   2.8120298e-01   3.3197885e-01
   9.4055086e-01   2.8303316e-01
   8.8069317e-01   7.9998546e-01
   2.1581107e-01   8.4786792e-01
   8.6317241e-01   9.5652614e-01
   9.5598653e-01   1.3872583e-01
   3.5062423e-01   7.4328418e-01
   1.9661639e-01   1.7306875e-01
   4.0419686e-01   4.9955212e-01
   8.9566062e-01   6.0448195e-01
   5.6534315e-01   8.0998433e-01
   8.4100478e-01   6.3796185e-01
   5.8405547e-02   8.3319880e-01
   2.1389903e-01   4.2999614e-02
   6.9045485e-01   2.5063339e-01
   1.5813447e-02   3.6040831e-01
   6.5734657e-01   5.1537315e-02
   2.4493059e-01   1.2043504e-02
   1.3886388e-01   9.0487411e-01
   6.1353954e-01   9.0442923e-01
   3.1065714e-02   2.4479286e-01
   6.9457422e-01   8.9253319e-01
   5.1525998e-01   3.8529580e-01
   6.5749417e-01   8.6498007e-01
   3.0822719e-01   4.0036371e-01
   4.6944707e-01   4.6329775e-01
   7.0681265e-01   6.7401988e-01
   9.7240120e-01   8.7728741e-01
   7.9571783e-01   5.6712334e-01
   9.2464991e-03   8.0383923e-01
   1.4338390e-01   7.2073347e-01
   7.3317902e-01   3.2957179e-01
   8.3835754e-01   4.5547863e-01
   2.4013933e-01   4.5770817e-01
   7.7930226e-01   9.2336311e-01
   4.9597799e-01   3.8036242e-01
   8.3369890e-01   1.6213012e-01
   6.3100601e-01   7.1282612e-02
   2.0014405e-01   4.8795771e-01
   8.7369675e-01   9.9557071e-01
   7.7572800e-01   1.0825360e-01
   7.6208525e-01   2.7560113e-01
   8.2966383e-01   9.8034358e-01
   7.5860909e-01   8.3807302e-01
   3.0963321e-01   9.5976856e-01
   7.0337055e-01   2.1418258e-01
   1.8934398e-01   7.5355751e-01
   6.2126958e-01   4.5086474e-01
   1.1926650e-01   2.0964927e-01
   1.5086059e-01   7.9704165e-01
   2.3492578e-01   2.2670765e-01
   2.0196802e-01   6.7397803e-01
   9.0236255e-01   6.9361059e-01
   9.0087535e-01   3.1779003e-01
   7.6617186e-01   6.9183350e-01
   1.8899525e-02   8.8513320e-01
   8.1333784e-01   7.8604167e-01
   4.8278151e-01   5.0012226e-01
   7.2064720e-01   3.6278579e-01
   9.1056138e-01   7.0808446e-01
   1.9527865e-01   5.1172187e-01
   5.0461689e-01   1.1911287e-01
   6.2875780e-01   2.7585285e-01
   5.2268601e-01   3.2077287e-01
   6.5140150e-01   5.6187727e-01
   9.3387416e-01   8.8523555e-01
   5.3573200e-02   4.8808389e-01
   2.0552924e-01   5.9465952e-01
   4.9764496e-01   1.9198198e-03
   5.7326518e-01   2.2059926e-01
   4.3579944e-02   1.9707561e-01
   8.8522344e-01   8.0270669e-01
   7.1860196e-02   8.9859264e-02
   2.9650808e-01   7.3171646e-01
   1.6064542e-01   6.1235713e-01
   8.0552294e-01   2.0035646e-01
   2.6924154e-01   7.5652996e-01
   9.2474334e-01   8.9199104e-01
   4.1622592e-01   9.7400322e-01
   3.4319816e-01   1.8865772e-01
   4.8238206e-01   2.8914290e-01
   2.8607677e-01   1.7281271e-01
   5.5591982e-01   3.8479044e-01
   3.7284383e-01   4.0275915e-01
   1.8819627e-02   1.4435421e-01
   2.7559460e-01   9.7489241e-02
   4.0471831e-02   6.3318715e-01
   7.5819933e-01   2.1482512e-01
   4.3954673e-01   4.3691220e-01
   2.1731331e-01   3.4634759e-01
   1.3320397e-01   4.4706252e-01
   2.2349993e-02   1.6046090e-01
   2.6413779e-01   2.0904257e-01
   6.1513087e-01   1.9951392e-01
   2.2401379e-01   4.5978850e-01
   7.6160594e-01   2.1963926e-01
   7.3001309e-01   5.5704807e-01
   8.2250252e-01   8.3047722e-01
   6.7358914e-01   6.6497166e-01
   8.9432070e-03   3.9470585e-01
   3.0879677e-01   2.6409049e-01
   7.8055144e-01   4.3765852e-01
   5.2332823e-01   1.2947534e-01
   9.0694959e-01   4.4472526e-01
   3.6139413e-01   1.9651222e-01
   8.3484632e-01   5.3318287e-01
   2.4712905e-01   2.8286203e-01
   2.6836081e-01   5.8459351e-01
   3.4610115e-01   1.3155477e-01
   4.9689965e-01   9.2829096e-01
   2.7029842e-01   5.8163434e-01
   8.8750495e-01   2.6453363e-01
   7.1541070e-01   2.9808350e-01
   1.5550281e-01   6.9070198e-01
   1.3402054e-01   1.6665534e-03
   9.0020775e-01   4.6378820e-02
   9.5935005e-01   4.8039067e-01
   6.7200036e-01   3.4370519e-01
   6.3070058e-01   8.1277530e-01
   9.8813011e-01   7.0967852e-01
   3.6626040e-01   1.1666049e-01
   9.0870710e-01   2.3579061e-01
   7.0495418e-01   8.5548942e-01
   8.2500197e-01   7.8219565e-01
   9.9666413e-01   2.6532529e-01
   3.0462363e-01   9.1524345e-01
   4.7107166e-01   7.0793744e-01
   3.8513739e-01   6.7638066e-01
   2.9692909e-01   4.9801358e-01
   3.5978391e-01   4.0372321e-02
   9.4607823e-01   2.4255942e-01
   4.1698391e-01   4.2692736e-01
   6.1553131e-01   4.0301921e-01
   8.9741645e-01   7.9585743e-01
   8.7575582e-01   6.7647958e-01
   4.3897069e-01   7.1974455e-01
   8.2818326e-01   8.3872106e-01
   5.5134138e-02   3.9655471e-01
   5.2560731e-01   4.6502423e-01
   3.3326215e-01   6.2984620e-01
   7.0996267e-01   2.1851526e-01
   1.5362365e-01   8.2136604e-01
   9.6035140e-01   4.0046957e-01
   5.0266144e-01   6.6695019e-02
   9.9151556e-01   4.4641369e-01
   1.6926626e-01   2.7697464e-01
   9.4122584e-01   6.3091783e-01
   5.6988013e-01   5.6265594e-01
   2.5648566e-01   8.7515607e-01
   1.9800573e-01   7.1890240e-01
   5.9083154e-01   1.3152223e-01
   2.8481237e-01   9.1964503e-01
   4.1713422e-01   9.6972460e-01
   4.4120469e-01   6.4655828e-01
   7.0455963e-01   6.4276914e-01
   6.3232532e-02   6.4266316e-01
   9.5148835e-01   8.4955856e-01
   9.6590525e-01   5.5656574e-02
   5.4393992e-01   9.1623919e-01
   5.5175076e-01   1.1927409e-01
   8.4585468e-01   4.2994714e-01
   1.5509256e-01   5.1201784e-01
   3.4192196e-01   1.2708517e-02
   9.5017749e-01   7.0802974e-01
   1.7585719e-01   9.9435101e-01
   8.6121989e-01   9.0891256e-01
   3.8921288e-01   8.1104959e-01
   4.4174154e-01   2.4721522e-02
   1.3878830e-01   8.5475464e-01
   7.6789480e-02   2.7105576e-01
   7.8134769e-01   9.8147115e-01
   2.1691022e-01   9.9583576e-01
   3.6593966e-01   2.2433820e-01
   7.7619754e-01   5.1467727e-01
   3.0536334e-01   6.5362420e-02
   9.1246459e-01   2.0466284e-01
   1.8013003e-01   4.4761691e-01
   6.6186673e-02   5.1592054e-01
   4.9811786e-01   5.5041225e-01
   6.8441921e-01   4.2171678e-01
   5.4984486e-01   2.4257597e-01
   6.6333108e-01   1.3327325e-01
   2.3640901e-01   4.6977987e-01
   8.1994985e-01   8.7031026e-01
   9.1099949e-01   3.0408503e-01
   1.4919352e-01   7.0342129e-01
   1.2638320e-01   3.3292229e-01
   4.3287535e-02   7.7310412e-02
   4.8167650e-02   3.8734463e-01
   1.8918770e-01   1.6331736e-01
   7.3308135e-01   4.9532807e-01
   7.7720539e-01   3.9925134e-01
   3.3882495e-01   3.4962757e-01
   1.9720300e-01   2.3872107e-01
   4.4468873e-01   8.5394362e-01
   8.7610697e-01   3.1011322e-01
   6.2969406e-01   3.2261343e-01
   6.8834051e-01   3.7457585e-01
   6.0169086e-01   7.9706554e-01
   2.6449821e-01   1.6243027e-01
   2.0516241e-01   4.1604626e-01
   4.9834462e-01   6.3656527e-01
   8.8864788e-01   5.2155072e-01
   1.8698506e-01   3.1899528e-02
   7.0973387e-02   8.0621474e-01
   2.3939031e-01   1.8539660e-01
   9.2600937e-01   4.0686724e-01
   4.4141156e-01   6.9551471e-02
   5.1594721e-01   6.0063314e-01
   7.0599034e-01   4.7273107e-02
   6.5278654e-01   1.2809411e-01
   9.0831175e-01   1.3723855e-01
   8.8009606e-01   2.7449610e-01
   2.4963770e-01   9.7944215e-01
   2.2374742e-01   3.6682088e-01
   8.3085249e-01   5.8133328e-01
   4.8049738e-01   8.3782714e-01
   7.0620101e-01   3.3242044e-01
   9.1980080e-01   6.1760215e-02
   4.8467413e-02   6.5280901e-01
   5.8787128e-01   2.6014240e-01
   3.3976109e-01   9.3768794e-03
   2.8113324e-01   8.8333561e-02
   1.2280466e-01   2.3467260e-01
   2.0118984e-01   6.5985025e-02
   7.6261770e-01   8.4572385e-01
   6.2962497e-01   6.2166838e-01
   1.0391937e-01   5.2589721e-01
   7.8694651e-01   9.0298891e-01
   7.3039192e-02   7.0259157e-01
   4.8432238e-01   5.7283745e-01
   1.4593970e-01   6.4046665e-01
   5.7482625e-01   6.7742281e-01
   4.0493025e-02   5.8987382e-01
   7.4312278e-01   3.2865560e-01
   8.4005895e-01   8.0300870e-01
   4.3994186e-01   2.1321173e-01
   3.6043736e-01   7.3900170e-01
   1.2088803e-01   4.0756958e-01
   3.0515051e-02   7.3089010e-01
   5.5742188e-02   8.6743127e-01
   1.9758967e-01   9.4328640e-01
   1.6551569e-01   1.8831340e-02
   8.7611925e-01   7.3272037e-01
   3.0501397e-01   8.3348627e-01
   4.0660132e-01   6.0810601e-01
   4.6829268e-01   2.9684402e-01
   1.2517233e-01   4.8190859e-01
   1.6442668e-01   2.7519391e-01
   3.9920670e-01   6.6062283e-01
   1.3898636e-01   8.1297771e-01
   5.3962684e-01   8.2433189e-01
   1.8132642e-01   2.3479175e-02
   2.4492233e-01   3.2469010e-01
   8.2010175e-01   2.9296655e-01
   2.8168954e-01   6.6281426e-01
   9.1236010e-02   1.5166761e-01
   2.4738990e-01   1.5237506e-01
   7.2056617e-01   4.5808534e-01
   5.6414821e-01   6.2162042e-01
   1.6550459e-01   8.3260825e-01
   6.8542253e-01   4.4439532e-01
   1.3279953e-01   3.9512002e-01
   5.6673131e-01   4.7145211e-01
   3.9187833e-01   2.9473814e-01
   3.8974809e-01   3.5792309e-01
   9.7797130e-01   4.0144744e-01
   6.0229343e-01   3.9280443e-01
   3.7633236e-01   7.8638814e-01
   8.7020478e-01   8.5340314e-01
   5.8865705e-01   1.0259979e-03
   5.1048594e-01   3.8338443e-01
   5.2689049e-01   4.6101131e-01
   5.8551253e-01   3.6957809e-01
   2.2729930e-01   2.0925729e-01
   3.4244985e-01   7.1357320e-01
   5.2471219e-01   1.9533003e-01
   6.2029971e-01   2.9730726e-01
   6.8052849e-01   4.6849438e-02
   5.1543504e-01   7.1526059e-01
   1.5888994e-02   2.7657718e-01
   6.2921871e-01   5.9828334e-01
   3.8994086e-02   7.7030963e-01
   8.3927779e-02   5.8574635e-01
   9.6781035e-01   1.9251942e-01
   2.6396133e-01   3.9405815e-01
   3.1573337e-02   1.8115558e-01
   3.6255845e-01   8.3477170e-01
   2.0538244e-01   5.2067300e-01
   9.1247441e-01   8.8908327e-01
   5.9628070e-01   3.4132623e-01
   9.9896902e-01   7.0032522e-02
   4.0856945e-01   5.0136062e-01
   3.0457491e-01   3.9704129e-01
   5.4733408e-01   1.9939521e-01
   6.0980445e-01   5.3355044e-01
   7.5688572e-01   3.9380301e-02
   2.6128782e-01   3.1298017e-01
   7.3513456e-01   9.1660893e-01
   8.8700732e-01   8.0353687e-01
   4.3986557e-01   2.0727208e-01
   4.4040093e-01   3.2284430e-01
   9.6920944e-01   4.3032992e-02
   7.6519847e-01   7.8979839e-01
   2.1159276e-01   7.2907768e-01
   1.1373042e-01   7.9918811e-01
   6.6623918e-01   7.8778671e-01
   9.5685055e-01   2.2997530e-01
   7.0109709e-01   9.9385080e-02
   8.9654435e-01   3.8191850e-01
   9.6893964e-01   6.6625954e-01
   5.8727614e-01   6.7293171e-01
   9.3838294e-01   8.7845100e-01
   1.7313709e-01   3.7261669e-01
   7.1815503e-01   8.5414105e-01
   5.8161988e-02   8.4081276e-01
   1.1831004e-01   3.2359309e-01
   7.3521452e-01   9.2423751e-01
   9.5810158e-01   5.8105928e-01
   7.3410944e-01   3.4906123e-01
   8.9259961e-01   1.7586532e-01
   6.9892662e-01   5.7604254e-01
   6.4641752e-01   8.8855129e-01
   6.1831888e-01   6.7338902e-01
   2.3811626e-01   7.2936265e-01
   5.7469721e-02   5.2045226e-01
   2.8987931e-01   4.4897872e-01
   3.5820291e-01   2.6824467e-01
   3.2010054e-01   5.5752640e-01
   1.4736815e-01   1.8113431e-01
   8.2628899e-01   9.9503287e-01
   3.6278763e-01   6.3673298e-01
   8.0514217e-01   1.8586251e-01
   8.6942646e-01   8.9337536e-01
   2.2701733e-02   6.2502747e-01
   2.5884789e-01   8.6725339e-01
   4.1795767e-01   9.9095035e-01
   6.4693249e-01   6.2313710e-01
   9.7820161e-01   1.7669009e-01
   8.4656728e-01   9.4387107e-01
   8.8522504e-01   8.5588006e-01
   7.5881925e-01   2.4756038e-01
   2.3634760e-01   7.3040708e-01
   3.5107577e-01   3.3616598e-01
   8.4870356e-01   4.5913993e-01
   3.4465393e-01   6.6687421e-01
   7.4898125e-01   1.9090442e-01
   4.6664867e-01   5.0056919e-01
   5.4604705e-01   3.9693156e-01
   4.4318087e-02   6.1859745e-03
   7.9761146e-01   6.5572073e-01
   4.0252632e-01   1.2798468e-01
   7.7990718e-01   1.9355512e-01
   8.1087808e-01   3.8795847e-01
   1.1317397e-01   7.5184017e-01
   8.4379271e-01   7.6075863e-01
   6.2232263e-01   7.2071970e-01
   1.9024310e-01   5.4012234e-01
   7.6049563e-02   2.0583715e-02
   8.6569166e-01   6.0532752e-01
   6.1640772e-01   3.9495840e-01
   6.8505532e-01   2.5827108e-01
   6.0594183e-01   6.3191292e-01
   7.5280968e-01   2.1158373e-01
   5.2996534e-01   5.5108283e-01
   6.4815285e-01   7.1139028e-01
   5.4982875e-01   5.8455180e-01
   4.8484762e-01   2.3004913e-01
   5.3404921e-01   3.6821202e-01
   2.3451801e-01   2.9482221e-01
   7.2675660e-03   8.7125995e-01
   2.0696395e-01   4.8302105e-01
   3.9018783e-01   7.8363646e-01
   7.9105930e-01   1.7492448e-01
   5.2832466e-01   2.1603563e-01
   7.8312800e-01   8.1238692e-01
   9.9402590e-01   4.6763161e-02
   3.0472406e-01   2.3344842e-01
   1.9654327e-01   2.7680041e-01
   3.5569283e-01   1.7203192e-01
   5.4729924e-01   7.7762770e-01
   3.0927080e-01   9.1429817e-01
   3.4121543e-01   9.1942509e-01
   8.0581852e-02   2.9840635e-01
   2.3510986e-01   6.3151001e-02
   3.1071192e-01   2.2970820e-01
   1.4280438e-01   8.8538571e-02
   1.1817565e-01   2.8648546e-01
   8.3625398e-01   4.6517851e-01
   5.0234617e-01   7.9424246e-01
   3.5027197e-01   2.5726608e-01
   9.2489301e-01   3.2359677e-01
   3.8873732e-01   6.8068440e-01
   3.0949661e-01   8.9160818e-02
   9.2649510e-01   7.5241921e-01
   8.1370305e-01   2.0960354e-01
   2.9332734e-03   4.1366752e-01
   8.6308748e-02   5.1630305e-01
   6.8170285e-03   9.9823523e-01
   8.5897263e-02   6.0764440e-01
   8.2770971e-01   2.1333695e-01
   7.1423778e-01   1.6613132e-02
   2.0650114e-01   9.1057716e-01
   7.0907263e-01   4.3665331e-01
   2.9158492e-01   5.2545123e-02
   8.3729937e-01   8.7834576e-01
   9.0296940e-01   4.1811407e-02
   9.0658254e-03   7.7380794e-01
   6.5852928e-01   3.2099858e-01
   9.9020089e-01   1.9513524e-01
   3.3329372e-01   6.1311569e-01
   6.7479813e-01   1.9789801e-01
   5.5877226e-01   7.9604288e-01
   9.2775728e-01   9.7275241e-01
   8.7371341e-01   5.5846947e-01
   5.2392454e-01   6.2960525e-01
   3.3564871e-01   3.8839954e-01
   4.4943882e-01   7.8381543e-01
   2.3208328e-01   2.5055907e-01
   2.6956221e-01   3.4341496e-02
   5.3400559e-01   8.2625622e-01
   3.6195197e-01   5.9579512e-01
   7.2943974e-02   7.6552636e-01
   3.1627612e-02   5.5561418e-02
   1.9125465e-01   6.0929070e-01
   7.9091631e-01   4.7841849e-01
   2.0034073e-01   5.1998566e-01
   3.7222395e-01   2.8896851e-01
   3.6449998e-03   6.0625477e-01
   8.7876251e-01   7.1063321e-01
   2.0008316e-01   5.7811090e-01
   1.5563052e-01   3.0175484e-01
   2.2450227e-01   6.0436345e-01
   4.0169731e-01   8.1284340e-01
   7.7001471e-01   7.8647031e-01
   5.9720429e-01   2.8653941e-01
   6.4341054e-01   8.2126263e-01
   7.3578872e-01   2.7578992e-01
   3.1062269e-01   3.6675378e-01
   5.0508962e-01   3.9621281e-01
   2.3126583e-01   1.6890524e-01
   3.9330785e-01   5.8261456e-01
   3.4482401e-01   8.0943346e-01
   3.7210993e-01   7.0913646e-01
   8.7921891e-01   2.3006339e-01
   2.1451704e-01   6.7251161e-01
   4.0231440e-01   6.8989821e-01
   2.7107243e-01   3.5892418e-02
   8.9406992e-01   6.9007686e-01
   1.7181477e-01   9.2479215e-01
   5.4132981e-01   6.0260887e-02
   4.9146637e-01   5.5743599e-01
   1.6514082e-01   3.6431009e-01
   1.5042474e-01   3.8082821e-02
   5.9584263e-01   2.6139166e-01
   2.6929821e-01   8.1455733e-01
   6.6712786e-01   3.6080705e-01
   6.1268105e-01   4.4349062e-01
   5.8577629e-01   7.8756674e-01
   7.0319418e-01   6.6894002e-01
   2.8556450e-01   7.1961615e-01
   4.6467379e-01   6.9333673e-01
   4.5333237e-01   9.2655321e-01
   1.7129059e-02   5.4162641e-01
   1.0398134e-01   5.5525486e-01
   3.9581947e-01   1.4430699e-01
   7.3362420e-01   4.4716937e-02
   8.3935907e-01   1.9966938e-01
   5.9778857e-01   6.9601369e-01
   1.6843855e-01   1.2150252e-01
   2.6531601e-02   6.6067610e-01
   9.9718921e-01   8.2741078e-01
   7.6590060e-01   3.1440759e-01
   4.9145817e-01   6.9921750e-01
   2.1126672e-01   9.7714478e-01
   4.1440659e-01   3.2905284e-01
   3.7025500e-01   7.6345975e-01
   6.5331478e-01   6.3404128e-01
   7.2112911e-01   5.1835627e-01
   3.9485989e-01   1.3825687e-02
   6.2553740e-01   7.2407272e-01
   3.2983859e-01   2.9037226e-01
   8.2046420e-01   6.4619790e-01
   7.0013933e-01   3.7123625e-01
   5.0929556e-01   8.4479234e-01
   9.7239460e-01   2.4798341e-01
   9.8035899e-01   3.7427886e-01
   2.6671840e-01   3.2419053e-01
   6.9901926e-01   3.4990116e-01
   6.1509505e-01   9.1569945e-01
   3.5914739e-01   5.9085126e-01
   7.5142151e-03   7.6054413e-02
   2.3522103e-01   4.0405172e-01
   1.8807682e-01   9.3369462e-01
   8.1409098e-01   3.9285807e-01
   9.7562843e-01   2.1518433e-02
   8.5038129e-01   3.1728741e-01
   8.9263050e-01   8.1780193e-01
   3.6459990e-01   5.7124353e-01
   5.4590804e-01   6.0000334e-01
   2.2467309e-01   8.6316466e-01
   4.2449306e-01   9.8370583e-01
   2.2587653e-01   1.8523072e-01
   9.4900377e-01   2.8385489e-01
   5.5151171e-01   1.3631587e-01
   8.2778811e-01   6.5741305e-01
   5.6919874e-01   1.5782271e-01
   6.2314848e-01   6.1367390e-01
   5.7944852e-01   9.4530292e-01
   9.9832793e-01   1.2947761e-01
   6.1431342e-01   7.5671336e-01
   3.8015890e-01   5.1526732e-01
   3.9125274e-01   3.7011316e-01
   1.0632463e-01   6.0989129e-01
   3.4433478e-01   6.9832764e-01
   3.4955072e-01   1.4736260e-01
   6.5576633e-01   5.0471465e-01
   8.7105017e-01   7.5155810e-01
   7.0399304e-01   3.9758607e-01
   7.6257056e-01   3.0202717e-01
   8.0026406e-01   6.5501631e-01
   1.0030703e-01   5.9304966e-01
   2.4221600e-01   5.7661844e-01
   9.7017751e-01   5.4866608e-01
   6.3646906e-01   6.4730148e-01
   9.7073316e-01   8.2572416e-02
   8.3150930e-01   1.7404361e-01
   5.7209538e-01   6.5096676e-01
   4.2129659e-01   9.7878266e-01
   7.7367330e-01   4.9322684e-01
   7.0564528e-01   7.9876448e-01
   3.6421612e-01   1.7726031e-01
   6.3069030e-02   8.7893151e-02
   6.3217993e-01   2.9335724e-01
   9.0965702e-01   4.4753596e-01
   9.2781034e-03   2.0259427e-01
   5.6922255e-01   8.7496941e-01
   7.0921632e-01   8.6272663e-01
   2.3462167e-01   4.3200409e-01
   2.7802137e-01   9.0855780e-01
   9.8907259e-02   7.0394551e-01
   7.8373967e-01   2.1719404e-01
   6.0721282e-01   5.4080754e-01
   1.6798428e-01   2.0786801e-01
   5.1329703e-01   8.0139879e-01
   7.5309395e-01   4.7514593e-01
   4.9668782e-02   9.0319115e-01
   1.8830927e-01   3.3512955e-01
   2.3406177e-01   3.2807019e-01
   9.5752433e-02   8.5948042e-01
   9.3864976e-01   4.4390832e-01
   9.3698030e-03   7.9641442e-01
   2.3048755e-01   3.9447733e-01
   8.3188308e-01   2.5474378e-01
   8.4690271e-02   7.8729214e-01
   4.5101401e-01   7.3345626e-01
   2.9323454e-01   4.9159405e-01
   9.7642641e-01   5.7781517e-01
   5.5734978e-01   7.0485232e-01
   5.6417311e-01   8.4570758e-02
   6.8128467e-01   7.1612900e-01
   7.4466853e-02   8.8806360e-01
   7.9740249e-02   1.8045694e-01
   4.5373188e-01   8.1523918e-01
   7.8760199e-01   9.5496478e-01
   1.5156379e-01   6.2622555e-01
   2.2178828e-01   8.6660981e-01
   9.5689608e-01   3.1916932e-01
   4.7267823e-01   4.1778334e-01
   9.5594827e-01   9.3817031e-01
   9.1411402e-01   6.6532261e-02
   2.7359373e-01   9.6498635e-01
   3.6615365e-01   1.2831944e-01
   4.7920885e-01   3.7580580e-01
   1.1343480e-01   5.9130765e-01
   3.7621637e-01   7.6021904e-01
   1.5155529e-01   5.0578811e-01
   2.6157823e-01   9.7969430e-01
   5.8794000e-01   5.5001696e-01
   1.1906285e-01   4.0595075e-01
   4.9257926e-01   1.9989323e-01
   8.7924267e-01   9.0157301e-02
   9.1480891e-01   9.9508110e-01
   8.5694080e-01   6.2341895e-01
   7.4097047e-01   4.2501423e-01
   1.9040226e-01   4.8614031e-01
   7.7494059e-01   9.9358232e-01
   1.2750081e-01   3.0141679e-01
   1.4063648e-01   5.9859499e-01
   6.8127336e-01   1.6675748e-02
   3.8564152e-01   5.5914013e-01
   7.7014927e-01   8.6746183e-01
   7.0345475e-01   5.5745681e-01
   9.4934723e-01   2.0077009e-01
   3.3175223e-01   6.7104915e-01
   1.7370765e-01   8.5359940e-01
   9.4817910e-01   5.7658690e-01
   1.7799216e-01   3.9986072e-02
   1.1352903e-01   3.8082559e-01
   6.7458878e-01   1.3946266e-01
   2.2254693e-01   8.4688160e-01
   7.5647611e-01   3.1217164e-01
   2.4992163e-01   4.7749730e-03
   9.3473752e-01   5.7943623e-01
   6.6303364e-01   6.3500476e-01
   8.2441942e-01   1.5655854e-01
   2.3410459e-01   8.0607587e-01
   6.5476505e-01   8.9468358e-02
   1.2938156e-01   3.3405484e-02
   7.9533864e-01   3.9433826e-01
   7.8047447e-01   9.4813337e-01
   7.8287655e-01   9.3892724e-01
   1.9070119e-02   8.4507696e-01
   3.0117193e-01   3.6750669e-01
   4.3296789e-01   1.9224596e-01
   9.4594029e-02   4.6287407e-01
   3.3407201e-01   3.5747678e-01
   4.5740941e-01   8.5057286e-01
   9.7063417e-01   7.2762253e-01
   6.9999526e-02   2.0965881e-01
   2.1367696e-01   6.6242406e-01
   2.1131150e-01   5.7765074e-01
   5.3398346e-01   3.0794082e-01
   1.8504567e-02   2.7754463e-01
   2.5455541e-01   5.1759107e-01
   3.6258068e-01   3.4891464e-02
   9.4989646e-01   4.9593361e-02
   4.9835843e-02   7.9218399e-01
   9.4339661e-01   8.4211731e-01
   3.2522433e-01   5.7305945e-01
   8.8473069e-01   8.8458705e-01
   9.9457974e-01   4.6785848e-01
   9.6355663e-02   4.0001087e-01
   2.5167630e-01   2.0388459e-01
   6.7973923e-01   8.7934933e-01
   7.9240061e-01   9.7502819e-01
   3.9114174e-01   3.0362639e-01
   8.4696032e-01   3.2234784e-01
   8.5140664e-01   6.5886192e-01
   6.1312306e-01   6.5273804e-01
   3.7202628e-02   8.6466057e-01
   6.1970487e-01   2.7205985e-01
   4.4445200e-04   8.1956618e-01
   3.6031965e-01   7.9783684e-01
   7.5042708e-01   3.5622648e-01
   4.0251919e-01   2.0916240e-01
   7.4124468e-01   4.6081922e-02
   7.9575371e-01   7.4758561e-01
   4.0536992e-01   4.1275521e-01
   3.2949624e-01   4.9212283e-02
   2.9456140e-01   8.9720168e-01
   9.2394674e-01   4.0129744e-01
   3.1416912e-01   2.2303110e-01
   4.3528765e-01   3.9100628e-01
   1.7902132e-01   7.3835949e-01
   1.4094048e-01   8.5056258e-01
   4.3616428e-01   8.0723846e-01
   8.7105892e-02   7.6440621e-01
   8.3939703e-01   3.4017487e-01
   6.6021910e-01   1.0833259e-01
   1.1248181e-02   6.9035256e-01
   2.1537855e-01   9.7418995e-01
   1.0036459e-01   7.7559245e-01
   4.5713260e-01   4.6388423e-01
   2.6451963e-01   2.5889575e-01
   7.2114222e-01   8.4530938e-01
   7.1945949e-01   3.9198041e-01
   5.0865685e-01   6.2089342e-01
   5.5316836e-01   1.0545361e-01
   9.5156626e-01   8.8246772e-01
   2.6906884e-01   3.8385133e-01
   1.0243883e-01   1.6184188e-01
   6.7073306e-02   4.2498992e-01
   7.0284437e-01   4.1085835e-01
   6.7553924e-01   9.4391238e-02
   3.3509137e-01   2.6820275e-01
   2.0020022e-01   7.9446768e-01
   5.3546858e-01   1.6478142e-01
   6.9921244e-01   8.2027312e-01
   5.1479005e-01   8.7276831e-01
   1.7654590e-01   1.2050300e-01
   9.9133671e-01   7.5136725e-01
   1.8965102e-01   6.0979759e-02
   8.5171754e-01   6.4182945e-01
   4.1273081e-02   8.1239620e-01
   6.1684684e-01   6.2914811e-01
   2.8029798e-01   7.4277925e-04
   5.4904595e-01   4.8382656e-01
   3.0729245e-01   8.7713031e-01
   6.3515764e-02   6.8827478e-01
   7.8295219e-01   3.4775740e-01
   2.1456595e-01   8.1604386e-01
   5.4119500e-01   6.4698570e-01
   2.8768891e-01   2.6876619e-01
   7.4275978e-01   6.3269147e-02
   8.7411093e-01   2.5612431e-01
   6.9788383e-01   4.9951451e-01
   7.4463968e-01   6.3995522e-01
   1.7828654e-01   5.7360704e-01
   1.1913536e-01   8.8194202e-01
   3.0093763e-01   6.4036934e-01
   9.5019237e-01   3.8387392e-01
   1.0378162e-01   8.4219264e-02
   1.7028996e-01   1.0245785e-01
   2.6780532e-01   8.9030508e-01
   6.5011198e-01   5.5485491e-02
   1.0588027e-01   4.7105402e-01
   9.4557171e-01   4.8151907e-02
   5.2844238e-01   8.5392673e-01
   5.2884060e-02   5.1269144e-01
   6.0673137e-01   1.9095430e-01
   4.0870633e-02   8.7851331e-01
   5.1473432e-01   7.8040580e-02
   8.3845169e-02   1.2421893e-01
   8.0319733e-01   9.3230177e-01
   6.7763757e-01   8.7402337e-01
   5.1600936e-01   9.6272486e-01
   5.7530129e-01   7.2664771e-01
   9.5813983e-01   8.7383993e-01
   7.9147380e-01   7.6568906e-01
   3.2932224e-01   2.1589601e-01
   1.8024140e-02   2.0059319e-01
   6.0840476e-01   4.3414768e-01
   8.7998184e-02   9.8044272e-01
   1.4237806e-01   5.1026907e-01
   5.1968426e-01   1.1884690e-02
   4.9400653e-01   9.2221528e-01
   5.9167072e-01   8.7897236e-01
   4.9494947e-01   7.9854157e-01
   3.6094653e-01   3.7117079e-01
   9.9078418e-01   6.1923041e-01
   2.2799262e-01   7.3787306e-02
   2.8482797e-01   5.3699786e-01
   4.7195178e-02   8.8946509e-01
   2.0415269e-01   7.8476758e-01
   8.3938141e-01   8.8367658e-02
   3.6081235e-01   8.2506224e-01
   9.4513683e-01   2.3360030e-01
   8.7959175e-01   2.5784411e-01
   2.5320475e-01   2.8882504e-01
   1.3146636e-01   3.9623526e-01
   6.0965132e-01   7.3601573e-01
   8.4776065e-01   9.4471826e-01
   1.1590617e-01   1.4016927e-01
   3.2898132e-01   4.7524698e-01
   2.2005289e-02   3.7969914e-01
   6.4316858e-01   9.3151675e-01
   3.6827306e-01   5.3410341e-01
   3.2642323e-01   6.6284577e-02
   3.2775246e-01   4.3011855e-01
   5.8951393e-01   1.3926305e-01
   8.1024303e-01   7.0392781e-01
   4.2417404e-02   9.0314499e-01
   3.2651466e-01   2.5137738e-01
   4.2768140e-01   1.3015690e-01
   5.2090326e-01   3.4987504e-01
   5.2321713e-01   3.2463462e-01
   8.1958627e-01   8.4805998e-01
   6.9384115e-01   9.0141454e-01
   6.5488890e-01   9.7551884e-01
   1.4996702e-01   5.5762539e-01
   4.9258668e-01   4.9851566e-01
   3.6387642e-01   8.8039162e-01
   4.9553526e-01   8.9566247e-01
   1.2157639e-01   7.8745288e-01
   7.5415618e-01   6.9495469e-01
   1.6051746e-01   5.1749151e-01
   4.5403295e-01   6.3320331e-01
   1.3369563e-01   5.2917354e-01
   2.6013470e-01   6.6740126e-02
   5.4462174e-01   2.1824525e-01
   1.5381207e-01   7.2095122e-01
   7.1791320e-01   8.4526938e-02
   4.1477716e-01   9.3873408e-01
   6.1702838e-01   5.2415877e-01
   1.6179533e-01   2.4453508e-01
   5.4136269e-01   6.3181469e-01
   4.6416632e-01   9.3584538e-01
   1.9437471e-01   1.7217850e-01
   1.9190813e-01   3.0331705e-01
   5.8748364e-01   6.9453047e-01
   1.9160910e-01   8.6463302e-01
   2.0045579e-01   1.2952105e-01
   3.2764546e-01   2.6051335e-03
   9.0335074e-01   4.4817958e-01
   1.7719827e-01   9.7318593e-02
   1.9776401e-01   1.1964929e-01
   3.2175800e-01   7.5213863e-01
   6.4247036e-01   2.2472352e-01
   3.1912323e-01   3.2175404e-01
   3.1432902e-02   7.0581091e-01
   2.0448519e-02   9.9409258e-01
   2.5012847e-01   9.9048688e-01
   3.9779981e-01   5.8448037e-02
   3.2702825e-01   2.9925317e-01
   2.8781534e-02   2.8296254e-01
   5.7152040e-01   3.2637005e-01
   2.6729468e-02   5.3331466e-01
   6.4360568e-01   3.7586191e-01
   4.5762952e-01   7.6547660e-01
   6.6605475e-01   8.2205154e-01
   6.6951991e-01   7.2705197e-01
   8.5722491e-01   3.3323849e-01
   2.4122821e-01   4.3394817e-02
   8.6525099e-02   1.9662303e-01
   9.7386884e-01   8.3637687e-01
   2.8766488e-01   7.1450249e-01
   8.1045374e-01   3.8415327e-01
   6.1009917e-01   2.0374689e-01
   3.8955101e-01   7.0969828e-01
   5.5525334e-01   5.9367426e-01
   2.4918520e-01   7.7744707e-01
   2.1565403e-01   9.6776834e-01
   4.7233641e-01   7.0410173e-02
   9.7824801e-01   1.5006638e-01
   8.8492644e-01   1.7964722e-01
   7.9298228e-01   2.7743019e-01
   6.8671478e-01   9.1296094e-01
   1.3717955e-01   2.9084317e-01
   3.3902347e-01   6.2598330e-01
   8.0668757e-01   3.4326939e-01
   3.5077137e-01   2.2891838e-01
   2.4166697e-01   5.1370948e-01
   7.1664195e-01   7.1023875e-01
   3.6114952e-01   5.9053079e-01
   6.2476003e-01   7.2144157e-01
   2.7372353e-02   9.5454542e-01
   8.7517603e-01   9.5943992e-01
   3.1930252e-01   6.4053804e-02
   4.3106099e-01   6.0181085e-01
   9.4931658e-01   1.6984092e-01
   7.0012253e-01   8.7008159e-01
   3.7591319e-01   5.0012177e-01
   8.6079289e-01   5.3936019e-02
   1.6011345e-01   1.1418597e-01
   1.2636630e-01   2.5249392e-01
   3.9916110e-01   8.3980383e-02
   9.9988647e-01   3.5267023e-01
   6.1302419e-01   5.6350996e-01
   6.9323684e-01   4.4264556e-01
   1.1039152e-01   7.6115409e-01
   7.2671522e-01   4.7120407e-01
   5.4507619e-01   6.9522210e-01
   2.6324300e-01   2.9305860e-01
   5.9018968e-01   7.1321726e-01
   6.9642745e-01   4.1240999e-01
   7.0552842e-01   3.5242282e-01
   7.6634831e-01   8.2640844e-02
   6.2221419e-03   6.4404634e-02
   3.0675432e-01   6.4693626e-01
   6.6778443e-01   8.3491811e-01
   2.8551019e-01   2.4152971e-01
   1.8885703e-01   2.2724340e-01
   6.2972683e-01   4.6594651e-01
   6.7718278e-01   9.2209297e-01
   3.3665329e-02   3.3639054e-01
   1.4483494e-01   2.4177469e-01
   7.1076701e-01   7.9738233e-01
   5.1969601e-01   1.2728721e-01
   6.9276088e-01   8.4270002e-01
   9.2476891e-01   8.6671496e-01
   5.9046033e-01   8.7520765e-01
   6.7087738e-01   8.4747661e-01
   3.1789127e-01   3.7773247e-01
   3.7724239e-01   9.1803449e-01
   2.7523454e-01   9.9168239e-01
   8.2940529e-01   4.2803331e-01
   8.3127289e-01   2.4852374e-01
   5.9047064e-01   7.1504932e-01
   8.7699848e-01   7.8288308e-01
   7.2557825e-01   4.2552818e-01
   1.4421184e-01   1.4408512e-01
   4.1619790e-01   5.5317779e-01
   8.2853080e-01   6.4710087e-01
   1.6593760e-01   7.6685322e-01
   1.8160761e-01   9.0779097e-01
   3.4206945e-01   9.2154510e-01
   5.9302479e-01   4.3036173e-01
   5.3270808e-01   4.6751845e-01
   7.4889847e-01   1.4485128e-01
   1.7320305e-01   1.1128018e-01
   8.4093426e-01   6.7020047e-01
   2.6344743e-01   7.4924501e-01
   8.1184919e-01   4.6376614e-01
   2.5898750e-01   9.9221984e-01
   3.5999846e-01   5.2110117e-01
   4.2315913e-01   5.2297315e-01
   1.4778872e-01   2.1426746e-01
   8.0465805e-01   2.1839310e-02
   9.7033987e-01   3.9949180e-01
   8.1962553e-01   8.6230656e-01
   8.9921647e-01   4.2698214e-01
   4.1959254e-01   5.6676940e-01
   7.0681375e-01   4.8153725e-01
   2.0687822e-01   2.9441876e-01
   8.2118433e-02   2.2256858e-01
   7.7325517e-01   3.1580772e-01
   7.7245677e-01   3.1602777e-01
   6.8301797e-01   5.3279997e-01
   2.2174012e-01   4.4656802e-01
   7.7179000e-01   4.7244045e-01
   3.7058207e-01   3.4340806e-01
   4.9825400e-01   7.1313564e-01
   2.6255172e-01   6.5332765e-01
   4.6219532e-01   4.1248440e-01
   9.6706639e-01   6.2852053e-01
   4.0630424e-01   7.6043777e-01
   6.5481614e-02   6.6599023e-01
   8.6942262e-01   2.8694332e-01
   7.4205243e-01   9.6103648e-01
   5.1697912e-01   8.4606381e-01
   5.0547680e-01   4.7083797e-01
   8.2209078e-01   4.9399895e-01
   1.7573596e-02   8.8819448e-01
   2.1217293e-01   7.4931056e-01
   7.2425663e-01   6.4235550e-01
   1.6915832e-01   1.5825623e-01
   5.1539769e-01   5.9542766e-01
   8.2063547e-01   7.3534845e-01
   5.9633497e-02   9.8626039e-01
   8.1792747e-01   7.3865020e-01
   2.9276012e-01   4.8018675e-01
   7.6017027e-01   9.7756762e-01
   3.6678376e-01   1.9525327e-01
   2.8520215e-01   2.9784652e-02
   5.6494726e-01   3.9018134e-01
   1.0480485e-02   6.5524507e-01
   4.1126808e-01   4.9320601e-01
   8.4054668e-01   1.4925535e-01
   6.1852233e-01   4.3260967e-01
   4.2302227e-01   1.1005305e-01
   5.6024303e-01   9.5615766e-01
   8.0295089e-01   9.0328061e-01
   6.8630309e-01   9.7430476e-01
   3.5871606e-01   1.2629471e-01
   9.1209141e-01   6.6397292e-01
   5.0949917e-01   9.6026650e-01
   6.5456925e-01   7.5990349e-02
   1.2446541e-01   1.1656934e-01
   8.8472757e-02   9.0179339e-01
   7.9209611e-01   9.1015194e-01
   2.9413058e-01   7.3863379e-01
   9.1794216e-02   7.2123474e-03
   3.9100769e-01   4.6737229e-01
   2.9106432e-01   1.5380412e-01
   3.4164373e-01   7.9384952e-01
   6.1438606e-01   7.1838554e-01
   5.8708016e-01   5.0177289e-01
   1.4903358e-01   3.0150266e-01
   9.9163064e-01   8.1885096e-01
   6.3298479e-01   8.8825535e-01
   1.9992685e-01   9.7288410e-01
   2.1746074e-01   9.1504677e-01
   2.7959554e-01   7.7954689e-02
   2.3846999e-01   9.3883720e-02
   9.3222674e-01   9.4365222e-02
   4.4510771e-01   1.7747355e-01
   2.2740691e-01   7.0572649e-01
   8.5842819e-01   7.0283355e-01
   2.8281151e-01   8.7996706e-01
   4.9611599e-01   6.3837559e-01
   1.3143866e-01   5.8782796e-01
   2.9819164e-01   2.4492683e-01
   4.3260064e-01   7.5798730e-01
   3.5865741e-01   8.3872671e-02
   3.3572490e-01   6.0985509e-03
   6.5904974e-01   8.8301078e-01
   7.9859055e-01   3.5704648e-01
   6.8126710e-01   8.4283953e-01
   5.9885966e-01   7.0491608e-01
   7.1517915e-01   2.0978719e-03
   6.6573339e-01   2.2745505e-01
   1.6539438e-01   5.3316212e-01
   2.5604216e-01   1.3826163e-01
   4.8589148e-01   9.5395397e-01
   6.0168565e-01   2.6046491e-01
   1.8126410e-02   4.1909328e-01
   7.3546128e-01   8.8056317e-01
   7.2051481e-01   9.5729721e-01
   1.4658254e-01   4.7955073e-01
   6.1958915e-01   9.3178143e-01
   8.7830897e-03   3.5477924e-01
   3.8948197e-01   3.0210986e-01
   2.9287693e-01   1.3782847e-01
   5.9796596e-01   5.4209912e-01
   2.0387351e-01   8.0014932e-01
   6.2694518e-02   3.4936171e-01
   4.2134455e-01   8.8951904e-01
   6.8476464e-01   5.8063479e-01
   9.8046471e-01   9.0478629e-01
   4.4277294e-01   6.0596289e-01
   9.3173422e-01   2.1926340e-01
   6.4081922e-01   2.1515869e-01
   1.3501791e-01   6.2928084e-01
   5.1478044e-01   1.3937910e-01
   1.0159867e-01   3.5704769e-01
   9.0608311e-01   6.1166709e-01
   5.8745419e-01   7.5011948e-01
   8.1346503e-01   3.3720565e-01
   9.9471233e-01   3.5928803e-01
   4.6086910e-01   6.2113166e-01
   9.9849164e-01   4.7651091e-01
   3.0526587e-01   7.8658593e-02
   3.1654782e-01   7.9124634e-01
   7.8215387e-01   1.3132503e-01
   6.2159599e-01   1.5186881e-01
   1.7741329e-01   9.3423145e-01
   4.3262145e-01   6.5846519e-01
   8.4624425e-01   2.9417448e-01
   4.3129741e-01   9.2721704e-01
   6.0947488e-01   2.8697445e-02
   1.3580520e-02   7.9225161e-01
   2.6281248e-01   3.3994731e-01
   2.7747557e-01   8.0932347e-01
   6.6543393e-01   3.6789201e-01
   3.9572747e-01   7.2420553e-01
   8.0461996e-01   8.5633177e-01
   6.4414956e-01   1.8784462e-01
   9.8096107e-01   8.4460125e-01
   1.0575781e-01   3.1625309e-01
   7.9591549e-02   4.2223909e-01
   8.5341219e-01   1.4608705e-01
   8.7640709e-01   5.7765183e-01
   4.8445962e-01   6.6122568e-01
   7.8255366e-01   1.3542013e-01
   9.2876133e-01   7.1466544e-01
   3.0281259e-01   2.3660053e-01
   7.7367477e-01   9.2627122e-01
   3.4974934e-01   8.0043097e-01
   3.0503688e-01   7.8414146e-01
   3.3289431e-01   7.4144826e-01
   4.2011364e-02   9.8247339e-01
   6.7888882e-01   1.1728496e-01
   2.7519596e-01   1.2387190e-02
   6.8705983e-01   8.0594555e-01
   1.3672377e-01   4.1928870e-01
   5.7460261e-01   7.7521803e-01
   5.8677063e-01   7.2984510e-01
   7.4023173e-01   6.5005992e-01
   4.3216988e-01   8.2459512e-01
   8.4366111e-01   9.5392686e-01
   7.4091816e-01   8.0029840e-01
   6.5171612e-01   7.8421919e-01
   1.9984258e-01   2.3542297e-01
   7.9346251e-02   9.0634895e-01
   1.0744753e-01   1.1760889e-01
   6.7248681e-01   1.0195699e-01
   2.1989275e-01   7.6573103e-01
   4.3622331e-02   8.6000444e-01
   9.9278997e-01   4.7239062e-01
   3.3732561e-01   7.5625016e-01
   7.7081894e-01   6.6573206e-01
   7.3058602e-01   6.2382960e-01
   3.0406087e-01   9.3509924e-01
   5.8246106e-01   7.6788370e-01
   3.5603696e-01   1.5611300e-02
   9.4145479e-01   9.4270900e-01
   8.3229302e-01   9.6447201e-01
   9.7585263e-01   7.3685077e-01
   8.5689435e-01   3.4588027e-01
   7.5051658e-01   7.5110792e-01
   7.7753284e-01   7.1010452e-01
   5.5417412e-01   1.4071965e-01
   3.4259382e-02   3.7190253e-01
   3.6585482e-01   4.6450376e-01
   1.8221788e-01   3.5655857e-02
   5.2698807e-01   7.3044065e-03
   3.6189777e-01   2.0781524e-01
   8.4216546e-01   2.3558532e-01
   6.5603447e-01   6.5810935e-01
   8.3503133e-01   7.2525186e-01
   7.5064302e-02   7.8414478e-01
   9.7390154e-01   8.4507981e-01
   3.0432298e-01   9.5047927e-01
   7.1322318e-01   8.6538437e-01
   2.6719054e-01   8.3454934e-01
   8.7107575e-01   4.0651314e-01
   4.3890367e-01   7.3751683e-01
   9.9174533e-01   7.7593724e-01
   8.7418264e-01   3.3729543e-01
   7.9922902e-01   3.8429387e-01
   4.6093500e-01   6.0403454e-01
   8.3041700e-01   3.5191616e-01
   9.4832984e-01   8.0449596e-01
   6.5156129e-01   7.8356090e-01
   7.8104220e-01   6.7376826e-01
   3.4957100e-01   7.9800551e-01
   4.3225073e-01   8.8945658e-01
   4.3047487e-01   5.1483489e-01
   4.0028262e-01   3.7730539e-01
   1.0918567e-01   2.0240748e-02
   5.5846181e-01   8.1238016e-01
   4.2277094e-01   6.1590248e-01
   4.4184018e-01   7.0786545e-01
   8.1456668e-01   6.1634099e-03
   9.2425348e-02   9.9454649e-01
   5.1347533e-01   7.3639149e-02
   2.4204689e-01   6.6278366e-01
   2.5173038e-01   1.3166958e-02
   1.6352765e-01   6.5326717e-02
   1.6335778e-01   5.3045780e-01
   2.3011247e-01   2.9102635e-01
   6.1783123e-01   4.7149050e-01
   1.1239773e-01   3.1208928e-01
   6.7848325e-01   9.2666105e-01
   7.8573024e-01   6.7661599e-01
   2.9642023e-02   2.0874809e-01
   2.5481789e-01   4.0759714e-01
   8.9854140e-02   5.7594335e-01
   6.0125787e-01   4.8029190e-01
   6.5284816e-02   5.8236286e-01
   2.2020694e-01   3.6127573e-02
   1.8789540e-01   6.0346625e-01
   1.4247176e-01   3.0731711e-01
   2.1137741e-01   1.2120063e-01
   6.0837280e-01   6.3475653e-01
   1.5113204e-01   7.4820994e-01
   8.9771532e-01   5.5321496e-01
   8.0808740e-01   2.4389166e-01
   1.7481505e-01   2.4401815e-02
   8.7250412e-01   2.8503315e-01
   1.2645228e-01   5.3147468e-01
   1.1587916e-01   7.1351801e-01
   9.7878577e-01   7.0719251e-01
   3.2590965e-01   2.7414086e-01
   7.9425207e-01   5.2617652e-01
   4.7957096e-01   9.1266542e-01
   5.8025770e-01   5.8307276e-01
   9.8694205e-01   1.3061636e-01
   8.2489749e-01   6.1351048e-01
   8.2738095e-01   6.7017709e-01
   9.9116388e-01   5.2919411e-01
   8.0788271e-01   2.4069862e-01
   5.8363151e-01   1.6326390e-01
   2.9964767e-02   1.5018355e-02
   5.5634078e-01   3.1024971e-01
   5.0795990e-01   8.9791374e-01
   2.6526900e-01   8.8296297e-01
   4.6717017e-01   6.1882798e-02
   1.8399969e-01   6.6474797e-01
   9.2266245e-01   7.2707459e-01
   6.7730458e-01   3.8890428e-01
   1.7476304e-01   3.8037021e-01
   3.3611918e-01   1.6243683e-01
   2.3256822e-01   2.8814186e-01
   4.9805305e-01   5.3794728e-03
   9.6781179e-02   6.1161668e-01
   5.8023822e-01   5.8840829e-01
   9.1986475e-01   1.8438675e-02
   3.7108424e-01   5.3872230e-01
   9.1560355e-01   1.0722353e-01
   7.1274564e-01   6.7615746e-01
   1.1129892e-01   6.5719354e-01
   8.2574157e-01   4.9969897e-01
   4.1064322e-01   8.0490380e-02
   7.1374851e-01   6.9175674e-01
   8.2092437e-01   7.6112430e-01
   8.3176976e-02   6.1663128e-01
   7.3582824e-02   1.8662149e-01
   9.5325597e-01   3.0483679e-01
   4.9409458e-01   9.0738101e-01
   5.5827092e-01   1.3147557e-01
   1.7438951e-02   3.0684847e-01
   5.4911110e-01   3.3168805e-01
   1.8487707e-01   9.5668191e-01
   4.1109616e-01   8.8639478e-01
   4.0264501e-01   5.2807016e-01
   8.8358824e-01   1.8853697e-01
   7.8609408e-01   4.5948517e-01
   1.5084224e-02   4.6000951e-01
   4.6639079e-01   5.6084507e-01
   4.4584732e-01   4.7914569e-02
   9.5938688e-02   4.1982376e-01
   2.9969692e-01   1.5918815e-01
   7.1313155e-01   7.4943848e-01
   3.1058582e-01   7.7475264e-01
   5.9931700e-01   1.6719237e-01
   2.6304928e-01   9.9518139e-01
   9.1899368e-01   4.8069425e-01
   3.2136812e-01   9.5868956e-01
   2.7498976e-01   8.2138181e-01
   5.9574223e-01   5.0606415e-01
   9.1683549e-01   2.9960302e-01
   4.4575172e-01   4.8639845e-01
   7.0163138e-01   6.0563595e-01
   2.8673964e-01   8.0003220e-01
   5.7284003e-01   5.2160286e-01
   8.6813265e-01   1.7790786e-01
   1.1414718e-01   6.8403507e-01
   4.3070580e-01   6.9385799e-01
   7.7144386e-01   8.1646614e-01
   3.8789642e-01   1.3430777e-01
   2.0283657e-01   7.5877721e-01
   8.8500694e-01   3.6891888e-01
   4.2740850e-01   3.3327290e-01
   7.3273489e-01   8.3281199e-01
   3.3390284e-01   5.9896221e-01
   5.5463849e-01   6.5456283e-01
   3.7559022e-01   9.3294113e-01
   4.5239507e-01   2.6076359e-01
   1.4990087e-01   6.4307900e-01
   8.0613326e-01   3.0549526e-01
   6.6202137e-01   8.4232863e-01
   8.3519775e-01   5.3276332e-01
   1.6671377e-02   2.1773177e-01
   6.9134137e-01   4.5116163e-01
   2.4142058e-01   6.1630851e-01
   8.1116376e-02   4.9150856e-01
   8.5805791e-01   8.0349580e-01
   4.2470514e-01   9.5375143e-01
   4.6179403e-01   8.8416310e-01
   4.1253430e-01   5.4561241e-01
   3.6414494e-01   8.4105078e-01
   6.2470379e-01   7.3851163e-01
   7.9946661e-01   9.8697993e-01
   7.7552799e-01   9.9022943e-01
   7.5966265e-01   4.8518243e-01
   9.7148096e-02   9.8256287e-01
   9.2761608e-01   4.9906909e-01
   6.4586553e-01   2.9011960e-01
   3.0570705e-01   1.0154590e-01
   9.9317468e-01   4.8564593e-01
   2.9749078e-01   3.1037356e-02
   1.2880073e-01   7.4961890e-01
   6.1032939e-01   9.4887151e-01
   8.3775586e-01   3.3029701e-01
   9.4668800e-01   7.9619674e-01
   7.4337455e-02   1.6539342e-01
   7.4853162e-02   1.7954181e-01
   2.9059826e-01   7.3602569e-01
   2.0524940e-01   2.0291261e-01
   2.3344713e-01   3.7913592e-01
   9.9251583e-01   2.1090133e-01
   4.5764231e-01   9.1345736e-01
   5.3340020e-01   8.0578484e-01
   1.4616395e-01   3.3429360e-01
   8.0852753e-01   3.3203511e-01
   2.6705234e-01   3.2004465e-01
   3.9576787e-01   5.9719447e-01
   4.9801273e-01   4.0357446e-01
   2.4444772e-01   3.8004643e-02
   7.0018578e-01   9.8893809e-02
   8.2947876e-01   2.5268239e-01
   5.0603441e-01   9.6448474e-01
   5.6385385e-01   8.5958974e-01
   5.0801943e-03   9.0711657e-01
   3.0381830e-01   6.1247620e-01
   6.7772023e-01   1.9206519e-01
   2.6586890e-02   8.5483550e-01
   6.4544645e-01   1.1363447e-02
   7.2675187e-01   7.7803425e-01
   1.9905924e-01   6.3797241e-01
   9.5854050e-02   7.3520524e-01
   7.7116674e-01   7.3134444e-01
   6.1886936e-01   3.8831566e-01
   4.9427172e-01   2.0178705e-01
   6.3921672e-01   2.8806012e-01
   7.8411366e-01   7.3751300e-01
   5.4227986e-01   8.4123084e-01
   5.6749160e-01   9.2507355e-01
   5.4176686e-01   6.0614568e-01
   3.6323994e-01   3.8550763e-01
   4.5958721e-01   3.5267076e-01
   5.8398884e-01   7.4153931e-01
   7.5333180e-01   5.5726045e-01
   8.6653535e-01   7.9514866e-02
   4.3741319e-01   3.3235518e-01
   3.9544000e-01   4.8062261e-01
   1.6013943e-01   2.0509025e-02
   6.0488762e-01   7.0330337e-01
   4.3388420e-01   9.6488420e-01
   9.1135021e-01   5.9521348e-03
   6.1518065e-01   3.3291777e-01
   2.5077257e-01   6.0965139e-02
   9.0551301e-01   9.3357378e-01
   7.9619388e-01   2.3832081e-01
   5.2976339e-01   4.0340665e-01
   9.8611843e-01   3.3032788e-01
   7.7909385e-01   1.2994947e-01
   5.9188912e-01   5.2950110e-01
   5.0024116e-01   7.7192894e-01
   5.2329871e-02   1.1930408e-01
   8.7510601e-01   6.8959163e-01
   3.4426703e-01   4.3310878e-01
   4.0434203e-01   1.6543923e-01
   5.8470308e-01   6.0842841e-03
   1.0144982e-02   7.7415086e-01
   3.3131236e-01   9.4308034e-01
   9.7841819e-02   4.3758800e-01
   6.5431598e-01   3.6953078e-01
   3.7696995e-01   9.7200113e-01
   3.5687208e-01   9.4167254e-01
   1.6157587e-01   6.6629132e-02
   8.8776127e-01   1.6809781e-01
   5.1765164e-01   6.6254216e-02
   9.8359429e-01   5.8349854e-01
   3.9220993e-01   3.2862111e-01
   4.3775860e-01   1.9578608e-01
   3.5126783e-01   3.0114106e-01
   9.6050831e-01   4.7511882e-01
   1.9202770e-01   6.0997519e-01
   1.6141217e-01   4.3459475e-01
   4.7892559e-01   6.3777329e-01
   8.9351300e-01   7.4689376e-01
   5.3955134e-01   3.3633889e-01
   9.3792309e-01   4.9887386e-01
   1.3683796e-01   6.2746900e-01
   8.2535320e-01   8.6089215e-02
   2.2463626e-01   8.6072987e-02
   8.0960092e-01   1.1672187e-01
   1.3692293e-01   7.7733661e-01
   4.0222875e-02   5.9544716e-01
   5.6404027e-01   7.2696096e-01
   4.2438656e-01   3.8613417e-02
   1.3191685e-01   9.6010892e-01
   2.1689542e-01   5.1087413e-01
   8.6240736e-01   9.9553134e-01
   1.6156684e-01   7.9701665e-01
   3.0214679e-01   2.4443484e-01
   1.5391925e-01   7.4240581e-01
   6.3611914e-01   9.0737324e-01
   9.6042158e-01   9.8056432e-01
   1.8557893e-02   2.2127973e-02
   4.3748771e-01   4.4467945e-01
   4.3041311e-01   9.1042088e-01
   1.5421321e-01   5.7655806e-01
   5.5577077e-03   7.0867661e-01
   7.2100063e-01   8.2559473e-01
   8.7977632e-01   6.9766872e-01
   8.5659427e-01   6.7425947e-01
   8.5930890e-01   3.6214633e-01
   8.9399343e-01   4.7583194e-01
   3.6075315e-01   7.2180452e-01
   4.6165784e-01   7.1155886e-01
   1.0720514e-01   7.3632464e-01
   6.2326422e-01   9.1584018e-02
   7.9194276e-01   9.4014993e-01
   7.0666663e-01   5.6549569e-01
   8.1874606e-01   7.1936087e-01
   2.6979598e-01   9.4431219e-01
   9.8143769e-01   9.4985347e-01
   4.7346792e-01   7.1918142e-01
   7.5827743e-01   6.6869303e-03
   2.3280355e-01   2.2139431e-01
   8.6098422e-01   6.3766591e-01
   5.8557533e-01   2.4617972e-01
   8.8420206e-01   8.2956591e-01
   8.1286836e-01   2.4121157e-01
   9.7531331e-03   4.8808102e-02
   8.5448725e-01   9.3038580e-02
   2.0779589e-01   5.0646045e-02
   8.5917604e-01   2.3211289e-01
   5.3257908e-01   3.5450704e-01
   3.3633400e-01   3.8063931e-01
   3.7448219e-01   3.6508115e-01
   7.3492567e-01   4.8017564e-01
   1.0713288e-01   8.0846189e-01
   1.1474519e-01   6.6837132e-01
   8.9392007e-01   3.0001933e-01
   5.4431097e-01   9.0124638e-01
   3.5856732e-01   4.2342754e-01
   9.4772573e-01   3.0343204e-02
   8.4197628e-01   3.2796576e-01
   7.3404348e-01   3.6414971e-01
   5.8644955e-01   1.6169590e-01
   7.3077185e-01   9.7433918e-01
   4.0499992e-01   1.9983298e-01
   2.8399444e-01   1.1668848e-01
   2.1083819e-01   5.0087639e-01
   2.0596146e-01   2.4138344e-01
   3.3577373e-01   4.7946950e-01
   1.7396427e-01   5.2654613e-01
   8.9008860e-01   7.3629750e-01
   7.3016050e-01   1.6495603e-01
   6.2619119e-01   4.1138648e-01
   8.5606495e-01   9.7632918e-02
   4.4447837e-01   5.5681056e-01
   8.1707944e-02   3.8419347e-01
   3.4396549e-01   4.7995734e-01
   2.3043475e-01   8.2287078e-01
   1.5685378e-02   4.8282205e-01
   2.7599174e-01   5.0115427e-02
   4.3669908e-01   8.0691767e-01
   2.2089431e-02   5.7851130e-01
   3.8874623e-01   2.0101654e-01
   7.8406290e-02   1.2084030e-01
   8.9633955e-01   4.1280800e-01
   3.5298396e-01   3.8493600e-01
   5.2144513e-01   4.3559802e-01
   4.7781683e-01   9.1005889e-01
   2.1952547e-01   6.3435002e-01
   1.1488549e-01   4.3039130e-01
   3.2252644e-01   8.3139326e-01
   7.4706888e-01   1.5189170e-02
   2.0013215e-01   2.7695617e-01
   3.3100337e-01   1.8171996e-01
   5.1425937e-01   9.6124833e-01
   9.8875916e-01   8.6858533e-01
   5.7240393e-01   4.3429741e-01
   4.6629217e-01   7.0998939e-01
   7.3348249e-02   4.2134908e-01
   4.7962267e-01   8.5262605e-01
   6.9864002e-02   8.8639155e-01
   4.9792268e-01   8.2415879e-01
   2.3873657e-01   5.0338881e-01
   9.6963679e-01   4.8524185e-01
   4.9508866e-01   8.3172646e-01
   7.2894487e-01   5.6985932e-01
   1.4397486e-01   1.4376247e-01
   1.5277500e-01   6.5846092e-01
   5.4526266e-01   2.5567871e-02
   5.1988934e-01   4.3355735e-01
   7.5892967e-01   3.2258795e-01
   2.6685141e-02   2.9345143e-01
   9.8516021e-01   5.3993179e-01
   5.4799470e-01   3.3765947e-01
   7.0015569e-01   6.3133535e-01
   3.9335921e-01   8.6104155e-01
   4.2666213e-01   8.9833091e-01
   8.5717533e-01   5.6948890e-01
   9.6953761e-01   2.7693897e-01
   9.2884621e-01   4.1848649e-01
   2.4655923e-01   8.7698368e-01
   5.3531202e-01   5.2278045e-01
   9.5844147e-01   7.7261945e-01
   1.0304370e-01   5.0269391e-01
   8.5593670e-02   9.0630385e-02
   6.7621844e-01   1.4354558e-01
   5.2240145e-01   6.5842721e-01
   3.1398875e-01   9.3607725e-01
   6.1782850e-01   3.4928622e-01
   6.0895588e-01   2.1355635e-01
   2.9287647e-01   9.6083810e-01
   5.4213201e-01   8.8891936e-01
   4.4248912e-01   1.2101212e-01
   4.8660427e-01   9.2656167e-01
   7.8410364e-01   4.6787483e-01
   1.2837851e-01   7.6530295e-01
   9.5593388e-01   6.0214297e-01
   5.5292176e-01   8.8858560e-01
   2.7146497e-01   8.0892174e-01
   2.3494520e-01   1.9863487e-01
   4.3340122e-01   7.1240931e-01
   5.9713552e-01   2.8893623e-02
   3.4585746e-01   5.8380478e-01
   6.1295085e-01   9.4449687e-01
   9.4186378e-01   4.3802507e-01
   6.0949453e-03   9.3770626e-01
   7.1131327e-01   8.8132253e-01
   1.5958669e-01   1.8080417e-01
   1.9164088e-01   1.3096292e-02
   7.6414424e-01   2.1963912e-01
   2.4607094e-01   8.0363581e-01
   1.2184617e-01   1.0997761e-01
   2.5029121e-01   9.8138391e-01
   3.6544766e-01   7.9533886e-01
   2.6648069e-01   6.5815905e-02
   3.4734912e-02   3.9243686e-01
   2.5757402e-02   9.1936308e-02
   3.0288856e-01   6.1520807e-01
   3.3482756e-01   2.5470523e-01
   1.9901604e-01   4.0845658e-01
   4.5034749e-01   2.5952970e-01
   4.0343644e-01   7.8440324e-01
   5.4743942e-01   9.4546130e-01
   2.6226843e-01   9.8247840e-01
   6.3850512e-01   2.2637148e-01
   6.0445947e-01   2.1151374e-01
   7.4816304e-02   2.4618906e-01
   6.3858117e-01   7.6608169e-01
   1.9263828e-01   3.1379376e-01
   2.8933614e-02   7.0031801e-01
   2.0821814e-01   2.3290875e-01
   8.7865851e-01   1.0456355e-01
   4.5843596e-01   9.3199608e-02
   7.1338289e-01   6.7984403e-01
   6.8531778e-01   5.1375109e-01
   1.9912345e-01   1.2878088e-01
   4.5839486e-01   7.0748736e-01
   4.3062252e-01   6.9844754e-01
   8.7311668e-01   6.4161769e-01
   2.5663866e-01   3.0451813e-01
   8.0919042e-01   7.8251796e-01
   9.6275977e-01   6.3865885e-01
   5.6292478e-01   2.9466055e-01
   6.3521997e-01   6.8995249e-01
   6.4195859e-01   6.4437047e-01
   5.3368975e-01   7.2265712e-02
   4.4706004e-01   7.7086429e-01
   5.5422329e-01   7.4466281e-01
   7.2263109e-01   6.2946271e-01
   6.2613382e-02   8.5455342e-01
   5.7682105e-01   9.6966937e-01
   8.8058807e-01   5.1608160e-01
   2.1502871e-01   9.0822049e-01
   8.8179513e-01   8.3984688e-01
   5.2311785e-01   8.3204352e-03
   9.6020815e-01   8.8384038e-01
   2.4468489e-01   5.1691780e-01
   1.5284660e-01   3.8669733e-01
   1.9541523e-01   4.8062545e-01
   8.5366655e-01   5.7988213e-01
   4.6993856e-01   7.4717016e-01
   5.5541944e-01   5.8962112e-01
   3.0005856e-01   1.0328376e-01
   7.0212038e-01   3.2445458e-01
   2.0343902e-01   7.7974347e-01
   3.6463767e-02   3.0571569e-01
   7.6583864e-01   4.5350762e-01
   6.9045366e-02   4.4229537e-01
   3.8982595e-01   8.3522814e-01
   9.5577387e-01   4.4573762e-01
   7.7852701e-01   3.5164292e-01
   2.9517810e-01   5.5577140e-01
   1.7467065e-01   8.8964645e-01
   3.5847518e-01   3.6417199e-02
   6.9952565e-01   1.4777656e-01
   4.5274966e-01   1.4381655e-01
   1.4936002e-01   2.2145731e-01
   5.5184635e-01   3.4038325e-01
   3.6357595e-01   8.5363984e-01
   9.8057634e-01   1.1120789e-01
   4.9572607e-01   7.9112094e-02
   9.0494043e-01   8.7401778e-01
   1.8816497e-01   3.4275751e-01
   6.2972615e-01   8.8292418e-01
   1.4572100e-01   4.6865125e-01
   3.0384922e-01   4.2931423e-02
   4.6533168e-01   1.9819965e-01
   4.6827119e-01   1.0105528e-01
   7.5401202e-02   3.6273182e-01
   8.7984403e-01   1.8302937e-01
   1.2032345e-02   1.2333415e-01
   8.7201080e-03   5.4486579e-01
   5.0589499e-01   5.9743224e-01
   4.9505118e-01   4.8966864e-01
   1.5874355e-01   7.4220514e-01
   6.7151112e-01   3.8041482e-01
   5.3000742e-01   2.4275843e-01
   1.5445566e-01   5.7973771e-01
   9.3339093e-01   4.2603252e-01
   6.7553774e-01   2.0384560e-01
   1.7320091e-02   3.5022036e-01
   2.3530417e-01   5.8399413e-01
   8.6908487e-01   8.0600409e-02
   3.4774680e-01   6.6258592e-01
   6.5128516e-01   7.5511432e-01
   1.5984150e-01   6.0233923e-01
   3.4186754e-01   4.4052383e-01
   4.9987154e-01   6.2403996e-01
   8.1803816e-01   5.5113886e-01
   5.0660090e-01   9.1589828e-01
   8.9144057e-01   8.2556162e-02
   8.8603002e-01   7.5172746e-01
   1.8742281e-01   6.4581620e-01
   4.7193006e-01   3.2392526e-01
   9.4144106e-02   4.8624209e-01
   2.3900916e-01   7.9944141e-01
   5.8429259e-01   1.2288494e-01
   4.2692787e-01   2.1418533e-01
   5.7092039e-01   8.3326570e-01
   3.6018013e-01   9.9901137e-01
   6.2366242e-01   1.2403647e-01
   8.5948343e-02   7.9923539e-01
   6.8492888e-01   6.1241826e-01
   7.6833967e-01   8.9176477e-01
   1.3712047e-01   4.2453244e-01
   1.4267965e-01   4.2124507e-01
   9.1352076e-01   2.1282634e-01
   3.3288700e-01   9.9719737e-01
   4.9534056e-01   6.6400789e-02
   3.3988643e-01   8.8562722e-01
   6.7363460e-01   5.0367589e-01
   4.0178421e-01   7.4941733e-01
   9.9340615e-01   7.4925747e-01
   8.0146831e-01   2.2444064e-01
   8.3535544e-01   8.2190206e-01
   7.9796148e-01   8.2782282e-01
   2.6277468e-01   1.3699653e-01
   3.8330880e-01   8.5864922e-01
   6.0633612e-01   7.4456751e-01
   5.8731598e-01   2.3144896e-01
   7.7702567e-01   6.4608521e-01
   4.1477327e-01   4.9514710e-01
   1.3892504e-01   1.1227042e-01
   5.8253236e-01   3.4304266e-01
   6.0213823e-01   3.2145650e-01
   7.8217537e-01   6.5311132e-01
   5.8126379e-01   6.6950388e-01
   4.7572161e-01   7.4635451e-01
   5.3019693e-01   2.7613147e-01
   4.1365545e-01   3.6784712e-01
   9.1760194e-01   3.3948658e-02
   9.1982191e-02   2.5742791e-01
   9.8006842e-01   1.3856407e-01
   7.1085149e-01   5.5402611e-01
   3.6232620e-01   1.6410919e-01
   9.2686582e-01   8.0140886e-01
   4.5210589e-01   1.2220009e-01
   1.5219423e-01   3.8575305e-02
   6.5796443e-01   4.9810499e-01
   7.6045693e-01   2.6569785e-01
   8.0053804e-01   9.5198794e-01
   2.9862594e-02   4.7865685e-02
   6.0820115e-01   2.7027483e-01
   2.8855721e-01   5.4764153e-01
   7.6862025e-02   4.6877923e-01
   9.4814660e-01   8.3200231e-01
   5.0474408e-02   5.2978810e-01
   2.4858871e-01   3.5633920e-01
   5.2159530e-01   6.0641282e-01
   4.7093940e-01   9.6153420e-02
   3.9083322e-02   1.6615659e-01
   4.9360141e-01   6.3856773e-01
   9.6401123e-01   5.5403467e-01
   1.5155151e-01   2.5828887e-01
   9.2055694e-01   5.1671344e-01
   9.4349234e-01   7.3245576e-01
   1.0205410e-01   4.3077272e-01
   8.1841508e-01   5.6804037e-01
   6.2271025e-01   3.7897405e-01
   8.4722151e-01   7.3779475e-01
   7.1382235e-01   9.5961397e-01
   3.1125993e-02   8.8741246e-01
   3.5819583e-01   5.9350781e-01
   9.9612127e-01   1.1085476e-01
   5.3841964e-01   8.9530429e-01
   4.4668720e-01   3.1809034e-01
   2.3121582e-01   3.6181397e-01
   7.3973504e-01   3.4865870e-01
   6.4711177e-01   3.4426368e-01
   9.9831958e-01   7.1734582e-01
   5.5346528e-01   3.9064598e-01
   7.9112560e-01   5.3253090e-01
   8.4768895e-01   7.3414686e-01
   7.5125527e-01   5.5523961e-02
   1.8656841e-01   4.6992583e-02
   9.4338139e-01   1.8740907e-01
   7.5004027e-01   5.9001863e-01
   2.3414563e-01   3.0872615e-01
   8.0352977e-01   1.2588463e-01
   3.9067075e-02   3.2601675e-01
   1.1002401e-01   6.4976647e-01
   1.5967309e-01   6.3867955e-01
   1.8710141e-01   6.7128728e-01
   7.2574706e-01   5.6342437e-01
   7.8116400e-01   5.3574935e-01
   9.1489444e-01   5.4485318e-01
   1.2212915e-01   5.9361429e-01
   8.1645741e-01   4.1234517e-01
   1.3983717e-01   5.1003523e-01
   3.2793065e-01   2.4671390e-02
   4.8169754e-02   4.4117679e-01
   8.8417405e-01   4.4013986e-01
   3.8195367e-01   1.2774957e-01
   8.3086803e-01   5.9471389e-02
   1.6144691e-01   5.3413454e-01
   9.2397713e-01   5.8928805e-01
   3.9071511e-01   8.3493451e-01
   7.7827043e-01   7.5377399e-01
   9.2706777e-01   6.4582973e-01
   7.4066876e-01   3.8276543e-01
   8.9221744e-01   4.4388461e-01
   7.5701771e-01   3.8297692e-01
   3.0987393e-01   7.5339880e-01
   3.3388520e-01   1.3903895e-01
   9.7583616e-01   1.9212577e-01
   5.0706142e-01   5.2887804e-01
   1.9665333e-01   2.3723409e-01
   6.7250811e-01   3.6915480e-01
   8.2424492e-01   1.0807450e-01
   7.9332325e-01   9.7474888e-01
   6.5135819e-01   7.4343992e-01
   2.6463271e-01   8.9954641e-01
   5.2372077e-01   7.1994719e-01
   6.5990252e-02   2.5078764e-01
   7.8339720e-03   8.3822972e-01
   1.5974960e-01   2.9352232e-01
   8.2378226e-01   4.2257167e-01
   4.3303804e-01   8.8493601e-01
   1.4206536e-01   1.5136384e-01
   5.0300489e-02   5.7295547e-01
   4.2952623e-01   5.4635248e-01
   1.9472559e-01   9.6797129e-01
   1.6439152e-01   8.5065216e-01
   2.7248295e-01   8.7215496e-01
   9.7389384e-01   3.3430549e-01
   3.3271599e-01   7.6391378e-01
   1.7564855e-02   9.6852813e-01
   8.9190954e-01   4.5308979e-01
   6.3906781e-01   5.9809168e-01
   9.0535360e-01   6.8395948e-01
   7.4264299e-01   2.1007943e-01
   9.0501344e-01   3.6626899e-01
   1.3428138e-01   3.2355956e-01
   2.6176120e-02   9.7230986e-01
   3.6002024e-01   3.2309479e-01
   8.9452461e-01   6.8095531e-01
   4.3419137e-01   3.6913520e-01
   4.6116842e-01   9.7088930e-01
   1.0940130e-01   2.9296886e-01
   3.3645789e-01   1.5731698e-01
   8.6555338e-01   5.8084271e-01
   1.4352661e-01   2.9598778e-01
   6.1541194e-01   4.1003242e-01
   5.5236596e-01   9.8528471e-01
   4.4111998e-01   6.1017149e-01
   3.4162153e-01   3.5896451e-01
   4.2750542e-01   7.5204634e-01
   7.6807212e-01   8.9828976e-01
   7.3913120e-01   9.6144770e-01
   4.2378938e-01   8.8569907e-01
   5.6757469e-01   6.6390176e-01
   7.5757719e-01   7.0960194e-01
   5.5504638e-01   5.1805698e-01
   2.7757013e-01   5.8630191e-01
   4.7807468e-01   7.7530964e-01
   8.5188265e-01   8.6963392e-01
   7.8002931e-01   8.2714530e-01
   1.3495403e-01   8.0537372e-01
   4.2573605e-01   9.5711463e-01
   5.4774084e-01   8.5648368e-01
   3.6519185e-01   3.1119564e-01
   8.8940468e-01   3.4613283e-01
   1.6340927e-01   6.9515176e-01
   3.3027872e-01   7.5068541e-01
   5.3761767e-02   1.5284322e-01
   7.8630636e-01   2.0009789e-02
   1.8023841e-01   6.1205974e-01
   2.1823430e-01   9.8087168e-01
   3.0523987e-01   3.1613400e-01
   8.6437452e-01   9.1545072e-01
   3.3870748e-01   5.5472279e-01
   2.1512303e-01   6.6413807e-02
   7.6595003e-01   5.5530994e-01
   1.1623630e-02   4.2363642e-01
   4.7152597e-01   2.4820721e-01
   1.2912642e-01   7.7542274e-01
   5.0681101e-01   1.2654193e-01
   8.4597576e-01   9.0560200e-02
   7.0139345e-01   4.5890764e-01
   5.3135078e-01   7.2879462e-01
   9.6696943e-01   2.5255991e-01
   2.7416719e-01   6.7770377e-01
   2.9129397e-01   8.1093391e-01
   3.0489836e-01   5.7923662e-01
   2.1951710e-01   6.1848277e-01
   8.3277327e-01   7.5967601e-01
   3.0739691e-02   5.9186635e-01
   5.5450506e-01   6.0196839e-01
   7.0389349e-01   5.5020299e-02
   9.6983316e-01   6.0334192e-01
   7.1403772e-01   1.0805880e-01
   3.8189762e-01   5.5332071e-01
   9.3819434e-01   3.5307161e-01
   4.9327672e-01   2.9020728e-01
   1.9178984e-01   3.0818662e-01
   2.0339391e-01   5.0248532e-01
   6.4045936e-01   7.1127746e-01
   7.6274067e-01   3.5729735e-01
   4.0436153e-01   1.8508951e-01
   5.9972629e-01   7.7306504e-02
   5.7634494e-03   6.4214664e-01
   2.9913985e-01   6.9362019e-01
   1.9039537e-01   7.3247006e-01
   4.1516197e-01   3.4893943e-01
   8.9440066e-02   3.3400033e-03
   7.5245172e-01   2.8334919e-02
   2.7476456e-01   3.9393220e-01
   3.9355413e-01   6.7213406e-01
   6.7527576e-02   6.5982241e-01
   7.7710119e-01   5.8940969e-01
   9.4418782e-01   7.2548737e-01
   2.1909783e-01   9.5584803e-01
   8.7318003e-01   8.7678671e-01
   3.7686880e-02   5.8991516e-01
   6.9271689e-01   3.6326704e-01
   9.2055948e-01   7.2809991e-01
   4.9398195e-01   5.7156526e-01
   7.5050077e-01   2.7051558e-01
   9.0823463e-01   9.1468134e-01
   4.4499996e-01   2.8868211e-02
   4.3402079e-02   4.4577080e-01
   1.1998253e-01   3.5759206e-01
   8.7243391e-01   1.3891838e-01
   8.0574809e-01   4.6045068e-01
   4.0837149e-02   4.0793510e-02
   7.9010699e-01   8.1365195e-01
   4.3178618e-01   1.9037696e-01
   9.3805445e-01   2.2474183e-01
   8.6225618e-01   2.5788895e-01
   4.7244753e-01   8.4330751e-01
   6.6930947e-01   4.2806760e-01
   5.1092611e-01   5.5783891e-01
   8.4011377e-01   5.4238993e-01
   3.6183110e-02   1.5751391e-01
   4.5724229e-01   3.9701720e-01
   7.7830928e-01   3.9350246e-01
   9.2477953e-01   2.5214789e-01
   7.0192049e-01   4.9573180e-01
   9.0981596e-01   4.2800597e-01
   2.1237126e-01   5.4819151e-01
   4.0061975e-01   2.1817622e-02
   1.2736810e-01   3.7741082e-01
   4.8015789e-01   4.4704815e-01
   7.9869114e-01   3.7527070e-01
   1.9416147e-01   9.7024072e-01
   5.0967300e-01   6.0332708e-01
   4.9045577e-01   6.4664943e-01
   8.1694970e-01   7.5345333e-01
   8.9396329e-01   5.4635660e-03
   4.8894511e-01   2.6893977e-02
   7.7880115e-01   5.7184429e-01
   1.2022123e-01   3.2485333e-01
   5.4588457e-01   4.8184501e-01
   2.2338386e-01   5.0351068e-01
   5.0483983e-01   9.0345780e-01
   8.5796976e-01   1.5655737e-01
   6.4616023e-01   4.3408601e-01
   2.4841184e-01   4.6367402e-02
   3.6524704e-01   7.2140997e-01
   7.8843608e-01   7.0408088e-01
   2.5890043e-01   9.7824810e-01
   9.4120527e-02   9.4386421e-01
   4.7100836e-01   1.5343132e-01
   4.6981591e-01   9.0941641e-01
   4.6675071e-01   4.9666822e-01
   2.6367529e-01   1.0604684e-01
   7.2202354e-01   9.0605131e-01
   8.6996778e-01   7.5803218e-01
   6.9435711e-01   4.7933959e-01
   1.2598581e-02   1.1628586e-01
   8.9107658e-01   7.7270787e-01
   6.2688700e-01   1.9719137e-01
   4.1588451e-01   4.8362825e-02
   8.8609554e-01   5.2284477e-01
   5.8685101e-01   1.2519125e-01
   6.3331166e-02   8.7030633e-01
   2.9573704e-01   1.8396971e-01
   6.3396867e-01   9.9977942e-01
   9.1429190e-01   5.4868644e-01
   7.1727452e-01   1.8834396e-01
   3.3388343e-01   5.1126112e-01
   9.8748015e-01   3.9628985e-01
   6.6410842e-02   8.5958743e-01
   4.9443972e-01   1.2743413e-01
   4.3722097e-01   1.4261867e-01
   3.0437220e-01   9.4796755e-01
   1.0184446e-01   9.0889787e-02
   3.1771585e-01   6.7430398e-01
   3.5231473e-01   5.1214697e-01
   6.4894470e-01   9.0489062e-01
   2.0391949e-01   5.8192035e-02
   7.5641279e-02   8.8385140e-01
   1.2127525e-01   6.7946103e-01
   9.6145591e-01   6.2754570e-01
   3.5776142e-01   9.1451709e-01
   6.2877486e-01   3.7625891e-01
   3.0456059e-01   6.9975555e-01
   7.8082914e-01   8.4082831e-01
   7.9028285e-01   6.1922260e-02
   8.1682496e-01   2.6801914e-02
   4.8044812e-01   6.1662611e-01
   6.6170688e-01   6.6578412e-01
   3.8006011e-02   8.1495065e-01
   3.4851351e-01   5.2127142e-01
   6.8597176e-01   5.3524718e-01
   6.1428244e-01   7.4395630e-01
   4.8320620e-01   9.3628908e-01
   5.5242106e-01   2.3300160e-01
   7.0825399e-01   2.9924266e-02
   2.0793849e-01   6.5926444e-01
   2.3012966e-01   3.1274399e-01
   7.6444489e-02   3.5046269e-01
   2.9022814e-01   5.3330232e-01
   1.4476596e-01   1.2573165e-01
   9.9360085e-01   2.2112328e-01
   4.9448463e-01   8.1299802e-01
   6.4710193e-01   3.8673008e-01
   3.0646365e-02   6.4004783e-01
   8.4181975e-01   7.8170596e-01
   8.1878434e-01   4.3504439e-01
   6.8176644e-02   7.3742234e-01
   3.6877525e-01   6.9042655e-01
   9.2530319e-01   6.5303589e-01
   8.1474999e-01   1.5763953e-01
   8.3724308e-01   8.0756331e-01
   3.1843379e-01   6.1537226e-01
   6.8370457e-01   6.5422735e-01
   2.8159469e-01   2.2189405e-01
   3.8161508e-01   9.8760830e-01
   6.6252337e-02   1.3712107e-02
   8.8243086e-01   6.5304315e-01
   8.8264392e-01   1.4681097e-01
   7.3388127e-01   2.4728284e-01
   4.4480257e-01   1.3407689e-01
   5.9305960e-01   9.4448698e-01
   5.6023647e-01   6.1970898e-02
   8.4216650e-01   6.1934522e-01
   6.0861020e-01   9.2616298e-01
   6.4349649e-01   1.5479858e-01
   6.9904183e-01   9.5438923e-01
   4.4480379e-01   2.4710727e-01
   5.1935998e-01   5.9375748e-01
   6.4082105e-01   1.4082810e-01
   7.4224420e-02   8.4174207e-01
   7.7818715e-01   9.2102087e-01
   5.4643867e-01   6.2465910e-01
   2.6451758e-01   9.3296772e-01
   6.7713527e-01   4.4964782e-01
   4.4684691e-01   1.5487670e-01
   5.2391138e-03   9.6925499e-01
   4.1235212e-01   1.2129801e-01
   8.1175411e-01   5.9032770e-01
   8.7315995e-01   4.4216057e-01
   3.0856413e-01   3.9420349e-01
   7.5877508e-01   3.3248578e-01
   1.7976976e-01   4.4486127e-02
   8.8399041e-01   9.9474579e-01
   8.2654736e-01   3.3334204e-01
   8.5411364e-01   8.1047933e-01
   8.5429308e-01   7.5024509e-02
   4.4503183e-01   3.5163474e-01
   2.8168552e-01   1.0705117e-01
   3.6964173e-01   1.6454251e-01
   7.5031987e-01   4.5228044e-01
   2.0999548e-01   6.5899212e-01
   6.9595591e-01   7.9642839e-01
   6.8205027e-01   4.5081061e-01
   3.3717175e-01   7.6462155e-02
   3.8160285e-01   2.2563496e-01
   5.0579423e-03   8.6160897e-01
   2.0607909e-01   2.4449253e-01
   6.9077303e-01   3.0457105e-02
   3.6382697e-02   6.3443034e-01
   7.6961386e-01   4.6778783e-01
   5.6343743e-01   5.9253830e-01
   2.5641688e-01   6.4014860e-01
   4.2497168e-01   2.4641912e-01
   6.2876632e-02   1.3145635e-01
   6.4431758e-02   2.3098230e-01
   1.8364827e-01   8.3776192e-01
   3.7213795e-01   5.9184623e-02
   7.9554433e-01   7.7397624e-01
   8.0097966e-01   2.2526167e-01
   2.4171149e-01   6.4207989e-01
   6.5390702e-01   5.1198558e-01
   4.4427598e-01   4.5923283e-01
   2.7488166e-01   1.4370770e-01
   4.6399392e-01   8.1534433e-01
   8.9029509e-01   8.7565207e-01
   3.0980270e-01   6.9939494e-01
   5.7320392e-01   8.5825774e-01
   9.1938835e-02   2.5390261e-01
   7.1570523e-01   1.3432989e-01
   1.5014532e-01   9.9579168e-02
   8.8407219e-01   8.1164929e-02
   3.4367955e-01   7.1594842e-01
   9.0273094e-01   4.8553424e-01
   5.5915778e-01   9.7331236e-01
   7.8702267e-01   2.7770771e-01
   2.6407195e-01   8.9984566e-01
   7.2355362e-02   6.5418213e-01
   3.9606330e-01   5.3270488e-01
   1.6890840e-01   4.5441868e-01
   2.1123656e-01   6.6981238e-01
   5.8058725e-01   8.1916749e-01
   4.1450626e-01   1.7557296e-01
   4.2810308e-02   2.4812661e-01
   3.9508469e-01   9.8017260e-01
   7.9676928e-01   6.1564579e-02
   7.4432702e-01   8.2267808e-01
   3.2599734e-01   6.6130745e-01
   2.3008482e-01   5.2539697e-01
   1.2117361e-01   3.9066306e-02
   7.1962214e-01   6.9926322e-01
   4.8462488e-01   5.5137857e-01
   1.6817316e-01   8.9650950e-02
   9.1136965e-01   9.4536853e-03
   9.5393738e-01   8.5654675e-01
   6.5430054e-01   1.1862097e-01
   5.7227375e-01   4.8965133e-01
   4.4454834e-01   9.0631429e-01
   1.1511137e-01   8.6759474e-01
   2.5631463e-01   5.4200952e-01
   9.5479951e-01   4.5990183e-01
   4.5486349e-02   5.8722353e-01
   5.0343265e-01   7.2576222e-01
   6.3664308e-01   1.3075200e-02
   5.5102157e-02   1.7559893e-01
   8.5019016e-01   2.7790242e-03
   2.8091752e-02   5.3111133e-01
   1.9859014e-01   7.7632709e-02
   8.5108394e-01   7.2467749e-01
   8.1300534e-01   3.8330598e-01
   9.0120786e-02   6.0344772e-01
   8.8963136e-01   6.6359696e-01
   3.4432661e-01   7.6207319e-02
   1.2150920e-01   7.5378894e-01
   9.4144246e-01   9.7631152e-01
   4.5116908e-01   3.7419497e-01
   3.2195019e-01   6.0385792e-01
   6.3409191e-01   9.7283150e-01
   2.2979088e-02   9.7496975e-01
   2.8976759e-01   1.6306760e-01
   5.5655644e-01   5.3911801e-01
   3.5969342e-01   8.0590289e-01
   7.0562458e-01   2.8464603e-01
   2.4467007e-01   3.7948120e-01
   8.9469857e-01   8.1087860e-02
   4.4690177e-01   5.6659977e-01
   4.0421718e-01   2.3374564e-02
   8.6585996e-01   5.0662154e-01
   9.1673890e-01   6.1975483e-01
   7.2200068e-01   5.8322899e-01
   7.9408865e-01   9.6526593e-01
   1.8854568e-01   6.0619591e-01
   8.5481752e-01   9.5488390e-01
   6.1279289e-01   1.0835543e-01
   1.3063861e-03   7.6819138e-01
   2.1772206e-01   3.6132990e-01
   5.2442751e-01   6.7848585e-01
   3.1289715e-02   4.1625752e-01
   9.9215519e-01   8.7100704e-01
   9.7819469e-02   2.2959737e-01
   5.1142531e-01   4.3024187e-01
   7.7294203e-01   5.6019431e-01
   1.2936313e-01   1.2390980e-01
   5.2911745e-02   5.9331232e-01
   6.1943779e-01   8.8945037e-01
   7.2815791e-01   4.2911049e-01
   1.1338456e-01   4.3943201e-01
   3.8006691e-01   2.8724800e-01
   6.8829943e-01   8.6921523e-01
   4.8030939e-01   1.0114802e-01
   3.8990816e-01   7.1220273e-01
   1.3342549e-02   7.1802131e-02
   9.6036032e-01   7.3636582e-01
   1.7943702e-01   8.8565813e-01
   4.4784904e-01   7.0828108e-01
   2.0270154e-01   8.7082968e-01
   8.5684511e-01   2.9049681e-01
   8.9456440e-01   4.0672704e-02
   6.7311570e-01   3.6334273e-01
   6.5358489e-01   2.8964807e-01
   9.3501108e-01   9.0345254e-01
   6.1115652e-01   4.2688085e-01
   3.5213865e-01   2.7871103e-01
   9.0192640e-02   9.2978609e-01
   7.2550241e-01   6.2004917e-03
   7.7893086e-01   9.1497892e-01
   8.3265932e-01   1.5145279e-01
   1.2409479e-01   4.3330810e-01
   5.9385934e-01   3.0114478e-01
   3.9196340e-02   9.4561507e-01
   5.2102978e-02   5.6335595e-01
   1.1077415e-02   5.7792110e-01
   5.7289742e-01   4.8628214e-01
   8.1719870e-01   2.7237132e-01
   8.2608580e-01   7.0363362e-01
   8.5030118e-01   6.7196550e-01
   9.3941526e-01   5.7381074e-01
   3.4752512e-01   9.1904538e-01
   6.4920957e-01   3.5596544e-01
   7.2772050e-02   8.9856052e-01
   6.3236380e-01   5.4379392e-01
   3.1052460e-01   3.4573747e-01
   6.7739029e-01   9.9447836e-01
   7.8409730e-01   8.0780253e-01
   6.8441899e-01   9.5420894e-01
   6.4396432e-01   8.9143236e-01
   3.5679571e-01   9.8380015e-01
   9.3005024e-01   4.0020947e-01
   9.3266883e-01   8.5928158e-01
   7.9420657e-01   3.1389140e-01
   2.5694211e-01   7.7860550e-01
   7.9224298e-01   1.1967077e-01
   4.4142384e-01   7.8802925e-02
   3.9040659e-01   4.4947323e-01
   8.9405683e-01   3.4513870e-01
   7.9091280e-01   8.2791649e-01
   3.5849981e-01   8.1092743e-01
   1.3528419e-01   9.9400188e-01
   8.7400293e-02   7.8375750e-01
   7.5790282e-01   1.2943596e-01
   1.2494155e-01   8.8074268e-01
   8.5881792e-01   1.6605243e-01
   7.9322069e-01   3.7240340e-01
   1.6509559e-01   3.8020264e-01
   3.6379500e-01   3.8309911e-01
   7.1123361e-01   6.7450974e-01
   5.6771929e-01   7.8623226e-02
   4.8580344e-03   2.3274839e-01
   2.1315009e-02   1.6729761e-01
   3.8287012e-03   5.7683968e-01
   3.8821417e-01   8.7247745e-01
   3.4845160e-01   7.8558343e-01
   1.1280913e-01   2.2367870e-01
   8.3830119e-01   7.5411557e-01
   3.7985510e-01   4.3581089e-01
   4.5175733e-01   9.0376637e-01
   6.6043364e-01   7.3887834e-01
   4.0675238e-01   8.1830396e-01
   1.4902576e-01   7.3861581e-01
   2.5054704e-01   4.3420536e-01
   8.2316360e-01   9.5201591e-01
   7.1239634e-01   1.8891559e-01
   8.5542431e-01   6.0650560e-01
   8.7025878e-01   4.6022609e-01
   9.6411338e-01   7.6534145e-01
   4.9764880e-01   9.1187119e-01
   2.0793623e-01   2.4428601e-01
   7.2780537e-01   5.1388786e-02
   6.9317277e-01   5.2639646e-01
   2.6994827e-01   4.6265794e-01
   4.2541427e-01   6.8017010e-01
   6.3576509e-01   1.6775888e-01
   8.3098529e-01   7.0030179e-01
   9.2062033e-01   5.9855408e-01
   6.7778430e-01   3.7748381e-02
   7.4110516e-01   8.2736851e-01
   8.1047779e-01   7.1592296e-01
   6.5588493e-01   9.8837048e-01
   3.5685413e-01   5.5639998e-01
   7.7305856e-01   3.6880455e-04
   1.9578714e-01   5.8140311e-02
   6.2332034e-01   7.4976431e-01
   4.7914769e-02   8.9384165e-02
   9.4282021e-01   4.0933058e-01
   8.0218480e-01   2.1516657e-01
   5.4442421e-01   9.8096052e-01
   6.9666231e-01   8.8044536e-01
   1.5870897e-01   2.3744931e-01
   7.6695420e-01   7.6246368e-01
   1.9696601e-02   8.4804843e-01
   9.0118650e-01   5.6799890e-01
   1.5710203e-01   9.1528032e-01
   2.7294455e-02   7.1503281e-01
   2.1850235e-01   2.4316226e-01
   5.9669590e-01   5.4731979e-01
   6.7460423e-01   4.1085628e-01
   2.4700223e-01   2.8799993e-01
   3.9333123e-01   2.9376847e-01
   9.3559565e-01   8.9079920e-01
   8.9309356e-01   8.6109182e-01
   6.4215753e-01   2.7741977e-02
   2.4679827e-01   8.5673333e-01
   8.3926716e-01   4.3258494e-01
   7.1901536e-02   6.9753220e-01
   8.3005749e-01   6.8898481e-01
   7.0599806e-01   7.1914331e-01
   3.7653313e-01   1.5802525e-01
   2.3442031e-01   1.7305615e-01
   5.4635185e-01   7.4007810e-01
   4.1504789e-01   5.5521366e-01
   5.3419652e-01   4.4098045e-01
   8.7530678e-03   7.9994471e-01
   4.5528603e-01   5.0022009e-01
   1.7570535e-01   3.2868752e-01
   4.0411021e-01   7.3957524e-01
   5.5922724e-01   7.1571152e-01
   4.9553808e-01   8.0669632e-01
   2.3107923e-01   4.9047765e-01
   4.4306027e-02   4.5309436e-01
   3.6600215e-01   8.3762340e-01
   4.0622735e-01   7.7321053e-01
   9.5571795e-01   6.1617054e-01
   9.5510599e-03   5.4545895e-01
   2.5736347e-01   3.8844059e-01
   6.3547005e-01   6.5521230e-01
   4.3499790e-01   3.2427605e-01
   2.8300519e-01   6.7390562e-01
   9.4481318e-01   4.2258065e-01
   5.5653179e-01   6.1424885e-01
   7.0399804e-01   1.7962322e-01
   8.2602259e-01   2.1697307e-01
   5.5617759e-01   6.6224446e-01
   3.0961686e-01   9.7178086e-01
   6.7230086e-01   3.8007462e-01
   1.8318851e-02   6.3719129e-01
   1.3674037e-02   1.4002267e-01
   6.4879395e-01   3.9434046e-01
   6.3120533e-01   4.6650935e-03
   7.9846152e-02   3.8108575e-01
   5.8531699e-01   3.2136226e-01
   2.0708917e-01   9.7495458e-01
   6.2076293e-03   9.3818144e-01
   7.8174674e-01   1.6120618e-01
   6.7423879e-01   4.3991865e-02
   3.2363385e-01   9.3514886e-01
   2.2060767e-02   6.0487375e-01
   7.4125389e-01   7.6503085e-01
   7.8904145e-02   6.1785446e-02
   3.3977258e-01   4.9653057e-01
   5.1321317e-01   7.2970671e-01
   4.1095230e-02   7.3784473e-01
   2.0945800e-01   9.7528724e-01
   2.1740164e-01   2.0035869e-01
   8.9912418e-01   9.1824593e-01
   5.4702421e-01   5.1214589e-01
   9.2901746e-01   7.2063735e-01
   1.6073664e-01   4.7600199e-01
   2.6044262e-02   4.3377474e-01
   2.7665239e-01   5.8903692e-01
   5.8464444e-01   7.5498197e-01
   5.6636495e-01   6.2702473e-01
   7.8771408e-01   3.7807528e-01
   3.8370030e-01   1.4975503e-01
   9.7380658e-01   6.0669057e-01
   4.3915736e-01   9.2329243e-01
   5.6239692e-01   3.2357346e-01
   3.1855912e-01   3.9457498e-01
   2.3001715e-01   8.6376753e-01
   6.3706643e-01   9.5402251e-01
   7.7741468e-01   6.2005622e-01
   6.3554636e-01   3.2823972e-01
   8.5964278e-01   2.4304613e-01
   8.3895454e-01   1.7608325e-01
   1.3155463e-01   9.7176763e-01
   1.9666429e-01   9.3411426e-01
   7.9380078e-01   9.5207405e-01
   8.7443104e-01   2.2351151e-01
   1.4018286e-01   1.0362026e-01
   9.7609258e-01   4.4940348e-01
   6.2865046e-01   1.0113150e-01
   8.5409248e-01   4.4773382e-02
   3.0404473e-02   7.8910122e-01
   3.0081095e-01   4.5875727e-01
   8.8327433e-01   2.4749218e-01
   8.8733875e-01   2.4484853e-01
   4.6980405e-01   8.2302623e-01
   2.6339606e-01   5.7856199e-02
   9.8180255e-01   8.2748783e-01
   8.2810435e-01   2.9633188e-02
   7.6128461e-01   2.2451348e-01
   9.0899297e-01   1.5312464e-02
   8.0267442e-01   5.8504149e-02
   9.7871835e-01   4.3704778e-01
   9.8915775e-01   1.9664778e-02
   7.8006436e-02   9.7381358e-01
   7.0498341e-01   9.2971243e-01
   4.1339331e-01   7.4382465e-02
   9.8286124e-01   2.2834102e-01
   1.0401096e-01   8.5764802e-02
   5.0199460e-01   6.8918024e-01
   9.1493712e-01   9.7812843e-01
   6.1414733e-01   2.3737994e-01
   1.3106942e-01   5.8709920e-01
   8.2529493e-01   3.4443975e-01
   8.2447099e-01   4.6274378e-01
   4.6700667e-01   8.5115979e-01
   3.3237892e-02   8.3562869e-01
   1.6848146e-01   9.2458570e-01
   4.0700869e-01   8.6571954e-01
   5.7215797e-01   9.3729161e-01
   6.9779834e-01   1.8719893e-01
   4.0329135e-01   6.2496237e-01
   4.8114067e-01   7.2192792e-02
   1.0636518e-01   8.0672024e-01
   7.2061887e-01   1.0030063e-01
   4.4131637e-01   8.3273600e-01
   4.3728448e-01   6.6817975e-02
   8.9037411e-01   8.9254313e-01
   3.9735462e-01   5.6294012e-01
   5.8459725e-01   5.8360051e-01
   4.8288997e-01   7.4839872e-01
   2.8034559e-01   3.8619547e-01
   9.9901383e-01   1.4116209e-01
   6.0273613e-01   1.3378084e-01
   2.6344410e-01   2.7393925e-01
   1.7609369e-01   9.2518984e-01
   4.2257997e-01   3.7604977e-01
   2.0527602e-01   3.2338541e-02
   3.8019508e-03   2.5428938e-01
   6.2103353e-01   1.3001715e-02
   1.7146323e-01   9.7091389e-02
   9.3489805e-01   3.6534170e-01
   8.4944146e-01   9.8236381e-01
   8.6271420e-01   1.1017700e-01
   2.9385910e-01   7.8903748e-01
   4.8437705e-01   4.9642382e-01
   1.0819873e-01   1.0390109e-01
   5.5581355e-01   7.0555371e-01
   2.9123491e-01   4.4000855e-01
   2.0165413e-01   2.0973406e-01
   7.8137766e-01   4.2744785e-01
   9.7914587e-01   1.0987416e-01
   1.6184164e-01   2.7884064e-01
   1.8853153e-01   8.9119163e-01
   5.0391708e-01   9.7050607e-01
   2.9021923e-01   9.5313991e-01
   4.7559996e-01   1.1494070e-01
   3.6208172e-01   8.4130113e-01
   9.6548536e-01   4.4423016e-01
   4.0786826e-02   2.0635714e-01
   4.0318408e-01   2.0786935e-01
   6.0403249e-01   4.6923000e-01
   2.0768463e-02   8.5462783e-01
   6.1842983e-01   3.4456868e-01
   6.8763792e-02   1.6206155e-01
   8.2227096e-01   8.6535040e-01
   6.1403467e-01   8.3025669e-01
   5.2712543e-01   1.5309351e-01
   5.5043181e-01   3.2359655e-01
   8.3008176e-01   8.4066342e-01
   1.8756865e-01   6.3217039e-01
   5.5978404e-01   4.4265445e-01
   5.2887279e-01   1.9558934e-01
   1.5534127e-01   9.4026799e-01
   7.1463394e-01   9.0781282e-01
   4.1907591e-01   4.2455886e-01
   3.0673647e-01   4.0510594e-01
   8.5691426e-01   8.6773769e-01
   6.7439947e-01   7.3742544e-01
   1.5079919e-01   3.5519016e-01
   2.7080739e-01   7.8645599e-01
   9.4978293e-02   7.8913926e-01
   8.6367697e-01   1.0430706e-01
   1.2561310e-01   4.2520580e-01
   9.7850871e-01   3.6909593e-02
   4.3041091e-01   9.4290051e-01
   6.1692335e-01   9.0484991e-01
   4.7294025e-01   6.1377132e-01
   2.8610432e-01   1.9339187e-01
   9.0182067e-01   3.7273564e-01
   9.8360601e-03   6.2205297e-01
   7.8510742e-01   3.8957171e-01
   2.9482429e-01   8.3187607e-01
   2.7424376e-02   1.3751709e-01
   1.4458559e-02   4.1051950e-01
   9.3238804e-01   6.8651675e-01
   3.1455737e-01   9.0262285e-02
   8.4109229e-01   6.9648491e-02
   3.7443823e-01   2.7493024e-01
   1.1705882e-03   4.7331465e-01
   8.9846753e-01   1.8953252e-01
   9.6065143e-02   5.5914861e-01
   2.7473506e-01   6.2147558e-01
   2.1414923e-01   4.4014508e-01
   3.4667584e-01   6.5750668e-01
   5.1016410e-01   9.9142908e-01
   9.7295979e-01   3.3512137e-01
   2.7194934e-01   9.4391387e-01
   4.9686588e-01   6.3233534e-01
   2.1612878e-01   2.0100730e-01
   7.1995416e-01   4.7141088e-01
   3.4913501e-01   9.6448737e-01
   6.2697283e-01   7.1047379e-01
   9.2114502e-01   1.5778163e-01
   9.6177253e-01   9.8890209e-01
   4.1126039e-02   4.9990673e-01
   3.6842999e-01   7.9159775e-01
   3.5718090e-01   6.6325763e-01
   7.5025075e-01   3.9993219e-01
   8.1105216e-01   1.2129491e-01
   5.4670564e-02   9.6617138e-01
   8.8189693e-01   9.6001712e-01
   5.5349294e-01   9.8366722e-01
   2.8473185e-01   4.9509502e-01
   4.0415709e-01   3.8694865e-01
   2.6489091e-01   1.2828002e-01
   4.0855908e-01   4.8712812e-01
   6.2565649e-01   3.6285725e-01
   6.8900645e-01   1.9046952e-01
   3.7136024e-01   6.8166094e-02
   1.6493609e-01   1.2731796e-01
   5.4556065e-01   9.2810438e-01
   6.4617289e-01   9.3219784e-01
   5.9710605e-01   2.9862282e-01
   7.2694161e-01   4.3170598e-02
   8.9330829e-01   6.3302230e-02
   7.7300818e-01   3.9992039e-01
   1.0386119e-01   2.0050363e-01
   7.2718300e-01   4.8891472e-01
   5.2469358e-02   6.3550819e-01
   8.1111781e-01   2.5166687e-01
   8.5106945e-01   7.4347722e-01
   1.3706863e-01   2.5113639e-01
   5.7717532e-01   8.8467458e-01
   3.3082579e-01   5.8565005e-01
   4.5295909e-01   4.9485302e-01
   8.4390276e-01   6.7571648e-01
   5.9134645e-01   4.5633178e-01
   5.4703947e-01   5.1896226e-01
   8.2026538e-01   5.8756265e-01
   9.9067477e-01   9.3498730e-01
   8.0429679e-02   7.8375824e-01
   8.7310456e-01   8.4951574e-01
   8.8512175e-01   2.4006830e-01
   8.3318826e-01   6.7581363e-01
   6.8189257e-01   1.1236019e-01
   1.6783680e-01   1.2506367e-01
   9.7647429e-01   5.5610008e-01
   9.4729130e-01   4.7155808e-01
   7.7467554e-01   8.9803283e-01
   5.5753960e-01   7.9940270e-01
   9.9937068e-01   6.4385801e-01
   6.3405337e-01   9.3426889e-01
   8.5280760e-01   7.8567382e-01
   1.1133276e-01   1.2752224e-01
   5.1328956e-01   5.9750600e-02
   3.4173184e-01   4.8014594e-01
   8.8413632e-01   7.5609799e-01
   5.4517296e-01   2.1625708e-01
   1.2688911e-01   7.3105818e-01
   2.6579798e-01   5.2170907e-01
   4.7170445e-01   4.7321300e-01
   7.4217051e-02   9.7501997e-01
   7.6010615e-01   1.0992900e-01
   1.9307682e-01   1.8936541e-01
   8.7004387e-01   3.3222203e-01
   8.7047125e-01   7.5563782e-01
   1.6414595e-01   9.7692807e-01
   6.3473731e-01   7.2076788e-01
   6.3652826e-01   2.1511300e-01
   1.9997692e-01   2.2707256e-01
   5.4147384e-01   5.6671398e-01
   3.6307867e-01   1.8780363e-01
   1.5273831e-02   1.8349444e-01
   9.0025833e-01   6.2775897e-01
   6.5670424e-02   7.3699547e-01
   1.2876482e-01   7.0067054e-01
   8.4705326e-01   9.0501348e-01
   6.8636847e-01   6.2352213e-01
   3.6049019e-01   8.2298427e-01
   9.6976263e-01   9.7161835e-01
   7.7106714e-01   1.4372481e-01
   4.3865551e-01   9.3580043e-01
   6.9298206e-01   4.5791150e-01
   5.6482028e-01   4.1407954e-01
   3.2007660e-01   7.0447509e-01
   7.9240984e-01   8.6243084e-01
   9.1973259e-02   5.3046145e-02
   7.6688001e-01   3.3571819e-02
   3.9440524e-01   7.9058486e-01
   7.7155923e-01   3.8207286e-01
   2.5955171e-01   8.9094174e-01
   2.5157750e-01   4.6924419e-01
   8.5345909e-01   7.2600384e-01
   2.3382704e-01   2.0435875e-01
   4.4691160e-01   9.6069012e-01
   2.6907578e-02   3.1940846e-01
   1.1707111e-01   2.8368478e-01
   4.1819347e-01   1.3413715e-01
   5.4897847e-01   7.4391930e-01
   3.7916283e-01   7.1860099e-01
   1.5743780e-01   3.7589629e-01
   1.6984727e-01   2.9167986e-01
   2.1048142e-01   6.1073465e-01
   3.8455179e-01   4.3929733e-01
   2.8222060e-01   1.0988686e-01
   6.8647871e-01   7.6241896e-01
   4.6616205e-01   7.4875901e-01
   1.1652602e-01   4.1976556e-02
   9.3508945e-01   8.3333218e-02
   9.2014972e-01   7.7887209e-01
   7.8233384e-02   7.3071593e-02
   6.8156811e-01   9.5564671e-02
   4.7528978e-02   8.2842863e-01
   6.6686477e-01   7.6837330e-01
   8.6784258e-01   8.5001974e-01
   5.9769147e-01   7.5337958e-01
   7.2592528e-01   8.5638342e-01
   8.8058700e-01   7.6772177e-01
   9.6184996e-01   2.8694553e-01
   5.4336295e-01   8.0675104e-01
   3.3577966e-01   1.0763676e-01
   2.4135138e-01   3.0778904e-01
   4.4420481e-01   1.2215229e-01
   6.0319628e-01   2.8483332e-01
   7.0810793e-01   6.9558858e-01
   4.3670671e-01   7.3790242e-01
   9.3475347e-01   7.2735991e-01
   5.4712435e-01   2.3047130e-01
   6.7757999e-01   6.1804269e-01
   2.2239026e-01   2.3016345e-02
   5.5776262e-01   1.9483938e-02
   5.8127968e-01   9.2133211e-02
   5.6485243e-01   2.6030993e-01
   2.1565931e-01   1.2376789e-01
   8.9838571e-01   9.1951046e-01
   6.5490243e-01   4.5049430e-01
   9.2035060e-01   4.5019802e-01
   9.9545696e-01   8.0589049e-01
   5.7530562e-01   5.0267670e-01
   9.3804688e-01   3.0625352e-01
   9.7846887e-01   4.7182620e-01
   4.0766381e-01   1.6260566e-01
   1.5860681e-01   2.6402432e-01
   7.3633439e-01   1.0030299e-01
   5.2614836e-01   8.5453786e-01
   7.0600366e-01   9.4336509e-01
   3.7059501e-01   1.3820263e-01
   5.8276738e-01   5.1480729e-01
   5.1461363e-01   2.9895944e-01
   3.0197243e-01   2.5210631e-01
   2.9414031e-01   6.4021924e-01
   1.4130672e-01   5.0371592e-01
   4.1230523e-01   9.7589280e-02
   1.9410786e-01   5.5155911e-02
   3.5455887e-01   8.5694343e-01
   3.8750487e-01   6.9628431e-01
   6.4634152e-02   2.9250071e-01
   5.7205368e-01   3.7195071e-01
   3.9497324e-01   3.7138525e-01
   8.6445833e-01   5.7193144e-01
   4.7772521e-01   3.0563501e-01
   2.5128627e-01   3.4481661e-02
   9.7173606e-02   2.4514286e-01
   3.9806706e-01   8.0094274e-01
   6.9307294e-01   6.5380389e-02
   9.1470382e-01   8.4677922e-01
   1.6640302e-01   5.9811608e-01
   3.7323444e-01   7.5002434e-01
   9.3537664e-01   2.2278343e-01
   5.2910863e-01   4.9145432e-01
   4.8033572e-01   2.3325485e-01
   6.9350512e-01   3.4488889e-01
   5.1176181e-01   8.7469331e-01
   4.8249105e-01   9.7847273e-01
   7.9025005e-01   4.3855375e-01
   9.7900843e-01   4.3217458e-01
   3.0243660e-01   4.9592818e-01
   6.8154910e-01   6.8327921e-01
   1.5814692e-02   2.3459131e-01
   5.9605951e-01   5.6786576e-01
   9.9389154e-02   7.2195786e-01
   7.5624111e-01   1.4144302e-01
   6.6235387e-01   7.2419698e-01
   7.4703577e-01   4.8540552e-01
   6.9924955e-01   5.3340147e-01
   8.5531374e-01   1.1991575e-01
   7.1271184e-01   4.1652043e-01
   2.5297442e-01   3.4206032e-01
   1.5167934e-01   7.7705766e-01
   9.2898935e-01   2.5567645e-01
   1.2282446e-01   4.1245785e-01
   6.6092616e-01   9.0972559e-01
   1.9281112e-02   9.5550449e-01
   2.4202319e-02   4.2383749e-01
   7.9564871e-01   8.2703226e-01
   6.0420363e-01   9.7678750e-02
   5.2716385e-01   2.4171975e-01
   7.5387228e-01   2.2110935e-01
   5.3370114e-01   3.5533643e-01
   3.3411310e-02   1.1112865e-01
   2.1813739e-01   5.5447486e-01
   1.2140055e-01   5.7214014e-01
   3.8697043e-01   9.0734474e-01
   2.1335625e-01   9.9314287e-01
   6.2371791e-01   9.7888203e-01
   7.8315324e-01   1.8827117e-01
   4.6090273e-01   4.1224291e-01
   8.5802085e-01   6.9723512e-01
   3.5324216e-01   6.5383635e-01
   4.7343724e-01   6.4177025e-01
   6.6521696e-01   4.8680803e-01
   6.8867277e-01   8.3686655e-01
   2.6594376e-01   2.9930756e-01
   5.9930383e-01   5.2529561e-01
   5.7397566e-01   7.2360307e-01
   6.2329439e-01   8.0187328e-01
   7.5051421e-01   9.9663716e-01
   1.7190523e-01   7.2530490e-01
   2.8150766e-01   9.4324315e-01
   4.8435889e-01   1.5422925e-01
   7.6665080e-01   9.4754004e-01
   6.7596593e-01   9.6491744e-01
   1.5775626e-01   6.8063294e-01
   8.5438813e-01   8.1936828e-01
   5.4163180e-01   7.8969032e-02
   5.0165679e-01   6.8158213e-01
   1.7530086e-01   4.7182436e-01
   5.5721524e-01   1.9202705e-01
   9.6898429e-01   4.0581072e-01
   1.6267687e-01   2.8038544e-01
   2.0855909e-01   9.8296882e-01
   1.7836922e-01   9.9228278e-01
   2.4616512e-01   8.8839216e-02
   2.4296692e-01   2.7824881e-01
   6.4915012e-01   1.1007563e-01
   1.6033053e-01   1.9065076e-01
   5.4876659e-01   1.6109780e-01
   9.6165239e-01   7.1278761e-01
   5.8201279e-01   4.3091071e-02
   5.3663949e-01   5.3470658e-01
   5.8025868e-01   4.1579527e-02
   7.4179416e-01   3.2115716e-01
   7.6905824e-01   9.8936515e-01
   9.9874258e-01   4.1704968e-01
   4.4027871e-01   8.0802859e-01
   2.3358557e-01   3.5688103e-01
   4.4128456e-01   4.0276753e-01
   1.8659243e-01   8.9879190e-01
   9.0911581e-01   7.4306424e-01
   2.1830503e-01   4.9368047e-01
   7.5087091e-01   8.0932645e-01
   2.9324601e-03   4.2540142e-01
   6.8966088e-01   9.0716559e-02
   7.9736451e-01   9.1461324e-01
   4.5573450e-01   1.0288737e-01
   6.2716230e-01   9.7051071e-01
   2.5491565e-01   8.5879992e-01
   8.6727846e-01   3.8755499e-01
   7.6753329e-01   3.0712524e-01
   4.3276027e-01   4.5621584e-01
   3.0536070e-01   1.9534003e-01
   9.7179889e-01   4.3565606e-01
   6.2941934e-01   6.0159875e-01
   2.0804145e-01   5.3489932e-01
   5.5125827e-01   9.3143696e-01
   4.4634788e-01   3.0629783e-01
   6.6240401e-01   7.4960193e-01
   3.7862674e-02   9.7883823e-02
   4.7991633e-01   3.4472831e-01
   1.2426033e-01   2.9138601e-01
   2.9945614e-01   2.5583551e-02
   4.6412305e-01   6.8978684e-01
   3.3244613e-02   3.0731314e-02
   4.6891697e-01   1.6251644e-01
   5.6063708e-01   9.2321665e-01
   5.2369912e-01   1.3675637e-01
   5.3060307e-02   8.7702574e-01
   6.1415916e-01   3.4288722e-01
   9.1187208e-02   4.8969542e-01
   8.4337892e-01   2.0484620e-01
   2.1264461e-01   9.8150398e-01
   9.7051724e-01   8.0407836e-01
   7.5434802e-01   6.5227218e-01
   3.3298246e-01   4.2882608e-01
   6.0355639e-01   8.9007148e-01
   2.4964610e-01   1.9721880e-01
   6.1355679e-01   5.6291247e-03
   4.3139026e-01   5.6654667e-01
   8.9227550e-01   7.8728281e-01
   3.6662617e-01   2.2010543e-01
   9.0865292e-01   3.5728608e-01
   5.7561939e-01   9.1737975e-01
