  -6.8001258e+00  -1.6754147e-01
   4.8214579e+00   8.3195011e-02
  -3.7744419e+00   6.6455505e-02
  -1.1249336e+01   1.4437153e-01
   5.4504431e+00  -2.7215219e-02
  -3.8365078e+00   2.7415340e-01
   8.3720905e+00   2.4392471e-01
  -8.8907903e+00  -2.0208710e-02
   1.4628488e+00   1.4332605e-01
  -4.7359809e-01   1.3786842e-01
  -3.5871413e-01   1.3804796e-01
  -3.9624333e+00   2.3657487e-01
   9.6946165e+00  -4.8644503e-02
   1.4825335e+00   1.0219061e-01
   1.3573623e+01   8.7350733e-02
   1.7819308e+01   2.8263500e-02
  -3.5967575e+00  -8.8501547e-02
  -8.8992799e+00  -1.1155463e-01
  -1.4737169e+01   1.3256972e-01
  -1.6130794e+01  -3.5154030e-03
  -1.8433083e+00  -1.6682572e-02
  -1.6364771e+01   2.2149642e-01
  -5.6590308e+00  -6.9304809e-02
   9.9479329e+00  -1.7845374e-01
   5.6034947e+00  -5.1285859e-02
  -8.4481961e+00   2.1876170e-03
   2.2270413e+00   3.6771123e-02
  -1.2620850e+01   3.7958636e-01
  -5.4418065e+00   1.0833325e-01
  -3.1947584e+00   9.5685392e-03
   1.3731320e+00  -1.0127741e-01
   1.2502550e+01   2.6531200e-01
   4.5362899e+00   5.0045303e-01
  -3.5756876e-01   5.3973082e-02
   8.7078221e+00   6.8168480e-02
  -6.7370459e+00  -2.7483008e-01
  -1.4116228e+00   2.5608599e-01
   3.2843749e+01   2.0241134e-01
  -4.2498013e-02   4.7895377e-01
   4.7098389e-01   2.3638023e-02
  -1.5196707e+01  -1.6972788e-01
   1.5090877e+01   7.6798801e-02
  -4.3204599e+00   2.0073915e-01
  -2.9243232e+00   6.3757132e-03
   4.9860224e+00   1.6545763e-02
   3.8788848e-01  -2.3273131e-01
  -8.7779070e+00   5.6490696e-02
  -7.2597301e+00   1.1620197e-01
  -1.4509698e+01  -2.7926306e-02
   6.1568029e+00  -7.1417465e-02
  -1.1245092e+01  -7.2885380e-02
   1.8083791e+01  -1.2043041e-01
   6.0699202e+00   3.0735028e-01
  -3.9429472e+00  -3.6167375e-02
  -2.0509479e+00   8.2797773e-02
  -2.3576847e+00  -1.7852402e-01
  -9.1662139e+00   6.1058059e-02
  -2.1649856e+00   1.1036372e-02
   3.4816430e+00   5.6980669e-01
  -2.3843282e+00   1.0751537e-02
  -1.3648646e+01   1.3288919e-01
  -1.1401126e+01   2.0102765e-01
  -3.5776311e+00  -4.3426839e-02
   4.0798575e-01   2.6548698e-01
  -3.8866985e+00  -3.9663682e-02
   1.1430386e+01  -1.2071338e-01
  -1.7681737e+00   1.4653864e-01
  -3.3250464e+00   4.6623182e-01
   3.1821452e+00  -1.6321983e-01
  -5.7271951e+00   1.3686640e-01
   1.3482573e+00   2.6054759e-01
  -2.7482649e+00  -1.3558385e-01
  -6.8697766e+00  -1.3186793e-01
   1.8787386e+00   1.1963350e-01
   1.0099296e+01   4.1418751e-01
   1.0405620e+01   3.3990192e-01
  -2.4744659e+00   1.1086242e-01
   6.1311873e+00   9.1247994e-02
  -8.9401951e-01   2.6423043e-01
  -1.3259163e+01   9.9024221e-02
  -6.1181228e-01   1.5283283e-01
   8.9869103e+00   6.5201924e-02
  -3.1506331e+00   1.4215935e-01
  -8.2008431e+00   1.3650882e-01
   2.7555694e+00   2.5060156e-01
  -9.1566583e+00  -7.8066517e-02
  -1.2459685e+00   3.4425791e-01
  -3.9244490e-01   1.9921581e-01
   7.9728758e-01  -1.3534420e-01
  -2.9219500e+00   1.1236463e-01
  -9.2227031e+00  -3.5580008e-01
   6.4160993e-01   1.2790252e-01
   2.5817788e+00   2.5572424e-01
   3.2657262e+00  -2.2161724e-01
  -3.9334409e-01   1.1458265e-01
  -9.9423362e+00   4.0233251e-04
   6.5308500e+00   2.2215322e-01
  -1.3144517e+01   4.8991854e-01
  -9.1516084e-01  -2.0743674e-01
  -8.4392765e-01   1.1981914e-01
  -6.7461393e+00   1.2588408e-01
  -4.2867967e+00   2.7165103e-01
   2.5815348e+01   1.6578513e-01
  -4.6233440e+00  -1.1045897e-01
  -7.0837210e+00   3.6845489e-03
   1.0807902e+01   3.9717449e-02
  -1.7146904e+00   1.1241421e-01
   1.1865499e+00  -1.7675841e-01
  -2.3922847e+01  -1.4014103e-03
   2.5722401e+00   1.5430756e-01
  -1.5782229e+01   3.4372068e-01
  -2.5310405e+00   5.0540524e-02
   2.0145733e+00   2.1807476e-01
   2.1101055e+00  -5.6124592e-02
  -5.1415494e+00   1.2009981e-01
   2.3131031e+00  -1.3876574e-01
   1.0695531e+01   3.9481795e-01
   1.5304856e+00   1.6168157e-01
  -7.5945723e+00  -1.0228589e-01
  -1.4114262e+00  -1.8287330e-02
  -2.7131943e+00  -2.9710016e-01
   2.8168082e+00   8.5714483e-02
  -8.4561807e+00   2.6904745e-01
   5.9603996e+00  -4.2484740e-02
  -7.1976458e+00  -3.2624476e-01
  -1.1842358e+01  -3.8821092e-01
  -1.8368063e+01  -7.0726849e-02
   1.2703925e+00   2.4385341e-01
  -6.6475897e+00   2.2507850e-01
   6.1823702e+00  -1.7426973e-02
   6.7903562e+00  -4.1779035e-01
  -7.8258759e+00   3.3486437e-01
  -4.2030211e+00  -3.5163682e-01
   1.2012709e+00   1.1131309e-01
  -6.5517388e+00  -2.1478822e-01
  -1.5369258e+01   1.1917833e-01
  -5.3250945e+00   1.3419353e-01
   4.5226284e-02  -5.9568633e-02
  -7.4696434e+00   1.3886051e-01
  -8.9243095e+00   3.3699555e-01
  -1.7339090e+01   4.1236890e-01
  -1.2664281e+00   1.5288603e-02
  -1.6918045e+01  -4.6968638e-04
  -5.4349681e+00  -2.6427277e-02
  -5.2014910e+00  -1.8902413e-03
  -1.2618983e+01  -4.8215743e-02
  -2.6028312e+00   1.2115445e-01
   4.8657700e+00   2.7301303e-01
  -9.8058058e+00   1.0426022e-01
  -7.0535694e+00   2.4078941e-01
   1.1300217e-01  -1.3032845e-01
   7.6941205e+00  -1.0903717e-01
   2.8004991e-01  -2.6643100e-04
  -1.5294813e+00  -1.3613532e-02
  -3.6212985e+00  -1.1943384e-01
   2.8212742e+00  -3.7286539e-02
  -2.4448695e+00   2.1405062e-01
  -5.9760047e+00   1.6421889e-01
   1.1185590e+01   7.7798039e-02
  -3.1471066e+00  -1.2957118e-01
  -5.0614248e+00  -8.6366883e-02
   7.2184938e+00   1.3283020e-01
   2.1479886e+00   2.0393019e-01
   1.2660644e+01   2.9167322e-01
  -6.0688922e-01   3.5238910e-01
  -2.4258011e+00   5.8227262e-02
   2.2929140e+00  -9.2331533e-03
  -8.5867910e+00  -1.8267036e-02
   6.8860068e+00   3.5902507e-01
  -1.0221956e+01   4.5558274e-02
  -1.6486167e+01  -4.0912350e-02
  -6.9068919e+00   7.7433232e-02
  -1.3671605e+00   1.0934145e-01
   6.0378205e-01   9.9589758e-03
  -1.0871239e+01   2.5133510e-01
  -2.0203593e+00  -7.2216168e-02
   8.3589603e+00   3.5306208e-01
   1.0866951e+01   5.9637436e-01
  -3.1663578e-01   2.3045395e-01
  -2.8254943e-01   1.7434541e-02
  -1.7223616e+01   3.5832558e-01
  -2.3389452e+01   2.5404842e-01
  -1.2503189e+01   1.5867710e-01
  -7.3208688e+00  -1.5752266e-03
   2.0563271e+01   1.6489836e-01
   4.5224408e+01  -1.8641646e-01
   1.3887651e+00  -1.2669474e-01
  -1.0429825e+01   1.1757091e-01
  -1.1069272e+01  -8.5478492e-02
  -3.4847590e+00   1.3993734e-02
  -5.3559695e+00  -1.3756064e-01
  -1.0777170e+01   1.1862707e-01
   3.4485934e+00   2.5864745e-01
  -8.5945995e+00   2.8669897e-04
  -7.9073450e+00   4.6699075e-01
  -1.1755208e+01   6.9573894e-01
  -1.4830224e+01   1.2662663e+00
  -1.2926000e+01   6.1914968e-01
  -1.9968679e+01   1.1135163e+00
  -5.0435854e+01   9.2381378e-01
  -1.6181238e+01   1.0139974e+00
  -2.4455627e+01   1.1647963e+00
   1.5641904e+01   9.1909798e-01
  -3.4018492e+01   9.1797305e-01
  -3.6391277e+01   5.8170505e-01
  -6.6515897e+00   4.1974380e-02
  -1.0636547e+01   4.6306024e-01
  -2.4531745e+01   9.9482167e-01
  -7.1353638e+00   2.6540118e-01
  -3.0841566e+01   9.5558661e-01
  -8.9900706e-01   6.9001922e-01
  -1.5244357e+01   1.0282197e+00
  -2.2525996e+01   7.7359299e-01
  -1.7265661e+01   9.6777482e-02
  -8.6636856e+00   1.1259232e+00
  -8.8093717e+00   3.4943186e-01
  -1.1122046e+01   5.6608479e-01
   3.9884816e+00   7.2284259e-01
  -1.4384701e+01   9.9163774e-01
  -8.1591538e+00   1.7607135e-01
   1.3324514e+01   1.4542915e+00
  -2.3022743e+01   1.1929175e+00
  -5.0046684e+01   2.4849733e-01
  -1.8758236e+01   9.7349758e-01
  -4.2274204e+01   2.4167941e-02
  -6.1482655e+00   5.8061796e-01
  -1.2030115e+01   2.9300195e-01
  -8.5340327e+00   6.4199838e-02
  -5.6769864e+01  -3.7731810e-01
  -1.9447707e+01   8.3038069e-01
  -2.5852137e+01   8.5938712e-01
  -1.6226363e+01   1.2300069e-01
  -1.0585525e+00   1.9553490e-01
  -7.6208097e+00  -2.7662792e-01
  -2.6515342e+01   3.2324365e-01
  -1.8219872e+01   9.0806435e-01
  -1.1416295e+01   2.2469543e-01
  -4.7561976e+00   4.2930971e-01
   7.0432807e+00   8.8398867e-01
  -8.5358751e+00   5.5082752e-01
  -3.3364077e+01  -8.9083712e-02
  -7.0312808e+00   3.7008647e-01
  -4.4744785e+01   1.0316586e+00
  -9.2530716e-01   4.2603575e-01
  -2.4440310e+01   9.1397637e-01
  -3.5742763e+00   8.6632448e-01
  -1.8689298e+01   1.2949972e+00
  -3.0673000e+01   8.7524949e-01
  -3.6902990e+01   6.2535020e-01
   8.5760900e+00   8.8333633e-01
   6.0299501e+00   5.3056339e-02
  -5.6343326e+01  -3.7130484e-01
   2.6287037e+01  -5.4668665e-02
  -3.8360705e+01  -3.0256925e-01
  -4.6341714e+01   4.8060243e-01
  -8.2699279e-01   9.3450785e-01
  -2.5466429e-01   2.6642009e-01
  -1.6556147e+01   8.1047865e-02
  -1.5936291e+01   9.1027888e-01
  -1.2074390e+01   1.0349999e+00
  -2.6095513e+01   1.0832302e+00
  -6.9281972e+00   6.5564653e-01
  -2.1267790e+01   2.5764062e-01
  -2.6673325e+01   5.5458450e-01
  -5.1702210e+01   2.0701548e-01
  -3.1952773e+00   6.8469470e-01
   4.8865081e+00   2.5674069e-01
  -5.2509202e+00  -3.3051231e-01
  -4.5794478e+01   5.5867858e-01
  -3.3422445e+01   1.8487996e-01
  -2.8530266e+00   2.9802529e-01
  -1.9444367e+01   1.1173541e+00
  -1.1231121e+01   9.1699843e-01
  -8.1699067e+00   3.8377263e-01
  -3.1002466e+01   6.4229716e-01
  -7.9356916e+00   1.9612903e-01
  -2.1192142e+01   5.6071195e-01
  -3.2278475e+01   7.5569439e-01
   4.6597565e-01   4.6400355e-01
  -2.0441592e+01   4.9612384e-01
  -3.7838074e+01  -3.8980794e-01
  -4.4621864e+00   5.8891005e-01
  -1.6647479e+01  -1.0819718e-01
   1.0302177e+01   5.4039655e-01
  -1.9336128e+01   1.3220877e+00
   5.5410870e-01   7.9642940e-03
  -1.1708042e+01  -4.0532110e-01
  -2.9769145e+01   4.7182178e-01
  -8.6806687e+00  -4.3618907e-03
   5.6338114e+01   2.4367783e+00
  -1.6218349e+01   6.1735924e-01
  -1.1704847e+01  -2.0455869e-02
  -1.5456341e+01   1.6831523e-01
  -3.4825276e+01   6.7937165e-01
  -6.8100745e+01   1.6477564e+00
  -4.1967569e+01   1.5489683e+00
  -8.7018572e-01   5.0661720e-01
  -1.5659339e+01   7.0694343e-01
  -6.7161402e+00   4.1108735e-01
   1.7081082e+01  -1.4205991e-01
  -1.1763353e+01   5.0558870e-03
  -3.3289768e+01   4.5389271e-01
  -9.8993974e+00  -1.5889843e-01
  -1.1527091e+01  -2.0745097e-01
  -2.5179021e+00   1.0133055e+00
  -1.9060134e+01   9.0459163e-01
  -1.3052982e+01   8.5536388e-01
   1.0758708e+01   6.7223294e-01
  -1.5099782e+01   5.3751551e-01
  -2.9048177e+01   1.2271240e+00
  -5.5325171e+00   3.9009240e-01
  -1.2793785e+01   3.7589197e-01
  -2.9305315e+00   6.2879662e-01
  -1.8289579e+01   3.5156170e-01
   5.1682263e+00   2.8150378e-01
  -2.8514035e+00   6.5185538e-01
  -2.9087731e+00  -3.3994324e-02
  -1.3703229e+01   6.8027246e-01
  -1.6914920e+01   6.7891819e-01
   1.0571499e+01   5.9206643e-01
  -1.1849402e+01   8.9702226e-01
   9.9622128e+00   3.0045552e-01
  -7.0634367e+00  -2.3867858e-01
  -8.0880615e+00   7.2295056e-01
  -6.5763041e+00   4.8749211e-01
  -6.8726842e+00   5.7557581e-01
  -7.3403551e+00   9.6976828e-01
  -1.8009271e+01   5.2387442e-01
  -5.0723092e+00   6.2815067e-02
  -1.9896080e+01   9.6627034e-01
  -3.0189774e+01   1.3015253e-02
  -1.1142352e+01   7.7028150e-01
  -2.3257535e+01   4.3633408e-01
  -6.6451944e+00   5.8703488e-02
  -2.2796340e+01   6.3934102e-01
  -2.2207971e+01   8.1712012e-01
  -2.3483575e+01   4.7227397e-02
   1.1739372e+01   6.2909919e-01
  -3.4146051e+01   7.6198786e-01
  -9.5049142e+00   3.1455875e-01
   9.1058593e+01   7.9352405e-01
  -1.4211247e+01   2.3735830e-01
  -4.9728605e+01   2.4639503e-01
  -1.4063217e+01   5.4914841e-01
  -3.0758270e+01   6.5454959e-01
  -2.6615446e+01   2.9672459e-01
  -1.3804119e-01   7.6813341e-01
  -1.3713397e+01   1.2076344e+00
  -1.9508344e+00   9.2235675e-01
  -1.2655325e+01   9.0969553e-01
  -1.5275684e+01   5.6263016e-01
  -3.1799641e+01   1.9170036e-01
  -8.0364566e+00   6.3894810e-01
  -1.2985967e+01   8.8484611e-01
  -4.8889789e+00   1.2770561e-02
  -6.2197623e+01   1.5184698e+00
   1.3059933e+01   1.4130169e+00
  -2.4908327e+01   1.1947742e+00
   5.3393584e+00   5.0927285e-01
  -2.3668627e+01   8.8558694e-01
   1.4122054e+00   1.2106065e+00
  -1.5723938e+01   6.4387889e-01
  -8.8945472e+00   7.7522103e-01
  -3.5977285e+01  -8.9406705e-02
  -2.9573858e+01   1.1941062e+00
  -3.5504781e+01   8.0807059e-01
  -4.8573975e+01   6.4645886e-01
  -9.6402045e+00   4.8338697e-01
  -5.9346087e+00   1.1175164e+00
  -2.8979318e+01   5.9192818e-04
  -6.3411366e+01   9.6937020e-01
  -1.7083205e+01   1.2698759e+00
  -1.5312586e+01   1.1739958e+00
  -5.9668154e+00   5.9760172e-01
  -3.0573591e+01   1.6464616e+00
  -3.7042290e+01   1.0913083e+00
  -3.1757803e+01   1.4117522e+00
  -7.1194180e+00   1.2562351e+00
   2.6693891e-01   1.6931846e+00
  -6.5726332e+01   1.0268609e+00
  -2.1375693e+00   1.2622169e+00
   4.0759005e+00   9.2083485e-01
  -2.4860075e+00   1.0689462e+00
   7.4686645e+00   1.0820198e+00
  -3.1191478e+01   1.1228850e+00
  -3.5187319e+01  -1.2541595e-01
  -1.7127498e+01   8.9808409e-01
  -2.0757666e+01   2.0161254e+00
  -1.6070051e+01   9.2873752e-01
  -1.5163940e+01   1.3866206e+00
  -4.3312438e+01   2.0816430e+00
  -4.1334241e+01   1.9650224e+00
  -3.7856337e+01   8.3204883e-01
  -2.8720813e+01   1.3238147e+00
  -5.0258329e+01   7.3895972e-01
  -1.8878081e+01   7.7591204e-01
  -4.1065591e+01   1.1317700e+00
  -5.7125555e+01   2.2544991e+00
  -1.5977501e+01   1.5948140e+00
   1.4683494e+01   9.1324479e-01
   2.7596759e+01   1.0175031e+00
   6.5113798e+01   2.0530290e+00
  -5.9394540e+01   2.2563375e+00
  -4.7390505e+01   1.9877922e+00
  -1.0893196e+01   2.1411996e+00
   3.0634516e+01   3.9770084e-01
  -4.7387519e+00   1.1781743e+00
  -3.5306815e+01   1.2447113e+00
  -4.7216616e+01   7.1653097e-01
  -6.9025493e+01   1.5445580e+00
   4.6952165e+01   2.3712223e+00
  -3.1413992e+01  -5.4807517e-01
  -4.1202225e+01   1.1067626e+00
  -5.3935722e+01   1.9161981e+00
  -5.5068513e+01   7.3477584e-01
   6.9201334e+00   1.4830956e+00
  -2.6429834e+01   1.3597077e+00
  -1.5809991e+01   1.3342427e+00
  -8.1074781e+00   8.1787605e-01
  -1.6618062e+01   1.1483431e+00
  -2.8063630e+01   1.4549839e+00
  -3.1099649e+01   2.3763314e+00
  -2.6825821e+01   1.4111439e+00
  -4.0132085e+01   1.6003487e+00
  -2.6604732e+01   2.1626157e+00
  -2.1789126e+01   1.6002653e+00
   5.7440382e+00   9.4473627e-01
   5.6969696e+00   9.8189103e-01
  -2.2038604e+01   1.6896750e+00
  -1.6599606e+01   9.0982342e-01
  -1.1553160e+01   2.1335493e+00
  -8.6844573e+00   6.6611309e-01
  -4.5394569e+01   8.2762368e-01
  -1.6593768e+01  -1.1063915e+00
  -3.5860183e+01   4.5773718e-01
  -4.5426144e+01   1.8371423e+00
  -2.2478293e+00   4.3671322e-01
  -2.4073000e+01   1.4919844e+00
  -2.2497012e+01   1.5684968e+00
  -1.0164656e+01   8.6555263e-01
  -2.3853851e+01   4.5703908e-01
  -4.1872129e+01   1.1441227e+00
   3.2997411e+01   2.1203526e+00
  -3.4914113e+01   2.1158792e+00
  -1.8646785e+01   7.9469206e-01
  -3.3865863e+01   1.4821046e+00
  -7.2047442e+01   2.0131818e+00
  -1.6555792e+01   2.3942710e+00
  -4.5547967e+00   6.0176821e-01
  -4.0452929e+01   1.1806746e+00
  -1.7697173e+01   9.9316599e-01
  -2.6203412e+01   9.2874779e-01
  -1.2232433e+01   1.6242979e+00
  -1.4713543e+01   9.0811883e-01
   9.2228717e+00   1.8887495e+00
  -2.3769333e+01   1.3508751e+00
  -2.2122191e+01   2.2752715e+00
  -2.0908149e+01   9.0585736e-01
   7.0733354e-01   9.0048295e-01
  -2.1379719e+01   5.4456842e-01
  -2.7652102e+01  -2.6821104e-01
  -2.5644375e+01   9.0928616e-01
  -1.7872480e+01  -1.4608334e-01
  -2.3319374e+01   1.2507545e+00
  -1.4555865e+01   1.8265789e+00
  -2.0763270e+01   2.0121515e+00
  -2.6176112e+01   1.3792573e+00
   1.3349531e+01   1.6194008e+00
  -1.7047999e+01   1.0192124e+00
  -3.1073443e+01   7.4314548e-01
  -3.3579575e+01   2.0137298e+00
  -3.8990708e+01  -2.0933024e-01
  -4.1934993e+01   1.2046149e+00
  -4.9640149e+01   1.6511573e+00
  -4.9563170e+01   1.0105946e+00
   3.8809409e+00   1.2215565e+00
  -3.6796081e+01   1.9347423e+00
  -2.6443877e+01   1.5119456e+00
  -1.7257915e+01   5.1464953e-01
  -1.9266986e+01   4.1763814e-01
  -2.4754494e+01   1.3088046e+00
  -3.5434767e+01   1.8375370e+00
  -2.5747434e+01   1.5149512e+00
  -2.9750644e+01   1.9698556e+00
  -3.2528465e+01   1.1401394e+00
  -1.3009928e+01   1.8697326e+00
  -2.8639439e+01   2.5838980e+00
  -3.7127228e+01   1.1389807e+00
  -1.8579075e+01   1.6633610e+00
   1.6917863e+01   1.4083967e+00
  -1.4944014e+01   1.0063872e+00
  -1.7121314e+01   1.2514547e+00
  -7.1003193e+01  -3.2623426e-01
  -3.6296289e+01   8.8642215e-01
  -3.2142838e+01   3.5995491e-01
   4.4350564e+01   3.9997955e-01
   2.6693625e+01   1.4068375e+00
  -4.0141294e+01   1.8051741e+00
   1.2805885e+01   9.1200091e-01
  -1.3479424e+01   7.1357754e-01
  -1.6541529e+01   1.1137987e+00
  -2.6084450e+01   2.4397352e+00
  -7.5551032e+01   4.1588095e-01
  -1.9492670e+01   1.5765062e+00
  -2.8905469e+01   3.0189586e-01
  -3.0735358e+01   1.5505239e+00
   4.3438108e-01   2.8689105e+00
  -4.5883622e+01   1.6264074e+00
  -3.9834119e+01   1.8494076e+00
  -1.0317762e+01   1.1179012e+00
  -3.2991258e+01   7.8207958e-01
  -3.2090601e+01   1.9358247e+00
  -3.6620188e+00   1.4861993e+00
  -4.2043332e+01   1.9025923e+00
  -2.4598540e+01  -1.6711849e-01
  -3.3876051e+01   1.1410863e+00
  -2.3271193e+01   7.4814948e-01
  -1.7844248e+01   1.9085628e+00
  -3.1643410e+01   1.8068904e+00
   8.6962205e+00   1.3282677e+00
  -2.5482842e+01   1.3184863e+00
   4.0340003e+00   1.7647368e-02
  -3.4602687e+01   1.3453411e+00
   8.8942057e+00   1.9259901e+00
  -8.3819099e+00   2.7316119e+00
   7.6675977e+00   1.9412916e+00
  -2.0828261e+01   1.7713197e+00
  -1.7957398e+01   2.2022806e+00
  -3.1028415e+01   1.9777222e+00
  -1.7271413e+01  -1.7748350e-01
  -6.9684720e+00   1.1438565e+00
  -1.0568998e+01   1.0352396e+00
  -5.0681196e+01   1.3039493e+00
  -5.8400534e+00   1.6595455e+00
  -2.0208636e+01   8.8725330e-03
  -5.3677360e+01   9.1609241e-01
  -1.1846904e+01   1.1768808e+00
  -4.0362161e+00   2.8266993e-01
  -2.5627073e+01   1.5873274e+00
   1.0715345e+01   9.9465726e-01
   2.2286840e+01   2.1332832e+00
  -3.3470188e+01   2.3158241e+00
  -8.8826571e+01   1.1410052e+00
  -9.7883278e+00   2.5434612e+00
   2.1593341e+01   1.2411935e+00
  -3.2020075e+01   1.4758183e+00
  -2.4552535e+01   1.1172506e+00
  -6.7176695e+00   6.6984342e-01
   1.4790122e+02   1.3603060e+00
  -4.7032897e+01   2.3925940e+00
  -3.0235838e+01   1.7673543e+00
  -1.2375234e+01   1.7082391e+00
   1.3545970e+01   1.8894601e+00
  -6.9188463e+01   1.5287607e+00
  -2.0652450e+01   1.6372243e+00
  -3.6463481e+01   2.7147529e+00
  -1.8172700e+01   1.3144598e+00
  -1.7497052e+01   9.8641312e-01
  -5.6840021e+01   1.3352102e+00
  -2.8425297e+00   1.1839983e+00
  -3.9654379e+00   1.3949006e+00
  -1.4840247e+01   2.0695733e+00
   2.4245819e+01   1.6208620e+00
  -1.9771005e+01   1.0818359e+00
   4.0327174e+00   2.2397517e-01
  -1.6770920e+01   1.9633529e+00
  -4.1410588e+00   1.0175236e+00
  -8.5190504e+00   1.4080977e+00
   1.5730541e+01   2.4048703e-01
  -2.2423955e+01   1.4419422e+00
  -4.7774630e+01   2.4032749e+00
  -4.3565511e+01   2.0706951e+00
   3.7534913e-01   1.5981012e+00
  -7.7281753e+00   2.5930186e+00
  -2.0996098e+01   1.9826664e+00
  -4.9767829e+01   1.2260464e+00
  -3.1168889e+01   1.1726214e+00
  -1.0321421e+01   2.9157878e-01
  -1.7341833e+01   9.7073989e-01
  -1.7426537e+01   1.7673350e+00
  -4.3630470e+01   1.8040995e+00
  -7.2122610e+01   2.2567573e+00
  -5.8450440e+01   1.2953502e+00
  -4.0139029e+01   2.0017081e+00
  -2.7613331e+01   1.8344847e+00
  -1.4495198e+01   6.5539121e-02
  -2.8787927e+01   1.8647119e+00
  -2.5423085e+01   1.4683341e+00
  -3.1574437e+01  -3.6928995e-01
  -2.0101852e+01   2.2742908e+00
  -7.6897477e+00   1.9491151e+00
  -1.5328714e+01   7.8797567e-01
  -5.8437739e+01   1.4951438e+00
  -8.9553585e+01   1.2841818e+00
   8.1878697e+00   2.1907295e+00
  -9.7582186e+01   2.6360367e+00
  -1.8232768e+00   2.4061134e+00
   1.5766292e+01  -1.5858130e-01
  -2.9250312e+01   1.7164033e+00
  -6.2088126e+01   1.6748491e+00
  -5.3249557e+01   3.1252781e+00
  -2.3118123e+01   2.9681061e+00
  -1.0689071e+02   4.5068697e+00
  -4.6560336e+01   1.7171762e+00
  -6.1672168e+01   1.1150916e+00
  -3.1388800e+00   5.6123882e-01
  -5.6436615e+01   2.0738673e+00
  -7.4785534e+01   3.1952057e+00
  -5.8351768e+01   1.7288070e+00
  -1.0612065e+01   2.9743838e+00
  -9.8956273e+01   1.5222924e+00
  -1.4611024e+01   3.2424670e+00
  -1.3711329e+01   5.0163365e+00
   6.0767511e-01   3.3465522e+00
  -1.5656448e+01   5.6914822e-01
  -6.9534814e+01   2.3321261e+00
  -2.5258048e+01   4.1669492e-01
  -2.6574448e+01   2.3239840e+00
  -4.2050172e+01   2.3237748e+00
  -9.5129182e+01   3.9635956e+00
  -3.4412938e+01   1.4185361e+00
   4.3538576e+01   3.8679086e+00
  -2.2353514e+01   1.8042617e+00
  -8.8942741e+01   2.5246936e+00
  -7.2937836e+00   3.6610727e+00
  -1.0195975e+02   3.1779786e+00
  -9.9312460e+01   1.1891373e+00
   6.9745586e+00   6.7223237e-01
  -3.6639638e+01   3.9198895e+00
  -3.2886101e+01   1.5111256e+00
   2.0277605e+01  -8.8413021e-01
  -6.8616802e+01   2.0348322e+00
  -2.9670962e+01   7.1635819e-01
  -3.9024884e+01   2.6370891e+00
   8.6510726e+01   1.3935146e+00
  -1.2523743e+02   1.9427711e+00
   1.6956361e+01   1.6034883e+00
  -4.6842550e+00   2.8417910e+00
  -3.9242194e+01   1.0380871e+00
  -6.3642767e+01   3.6069621e+00
   1.7040830e+01   2.2298929e+00
  -5.3013306e+01   1.1134331e+00
  -2.5210659e+01   1.8057514e+00
  -6.6813273e+01   2.7800311e+00
  -2.7287285e+01   1.2096661e+00
  -6.8114497e+01   1.7041908e+00
  -6.4069982e+01   2.9269657e+00
   2.2188766e+01   2.4207089e+00
  -5.5481619e+01   2.5507454e+00
  -5.7878326e+01   2.9755116e+00
  -1.1763152e+01   3.8716925e+00
  -1.7838264e+01   2.0261120e+00
  -4.8460998e+01   3.6182224e+00
  -2.5060986e+01   3.9354328e-01
  -8.5205909e+01   2.4462867e+00
   1.8134502e+01   2.5433449e+00
   2.6105133e+01   2.7330508e+00
  -2.1063724e+01   2.6448974e+00
  -5.8892047e+01   2.9672346e+00
  -5.0872586e+01   2.4283720e+00
  -5.6995355e+01   3.4768501e+00
  -3.2213415e+01   1.8061035e+00
   5.5421502e+01   4.5768045e+00
  -6.0262657e+01   3.5457442e+00
  -2.1072178e+01   4.1661539e+00
  -5.1142806e+01   2.7865124e+00
   4.7690678e+01   1.8544553e+00
  -7.3538799e+01   1.4857809e+00
  -1.0913229e+02   2.2968406e+00
  -5.1122616e+01   1.0976157e+00
  -5.2847657e+01   1.6198617e+00
  -8.5570768e+01   2.8164155e+00
  -1.7929905e+01   6.6469445e-01
  -3.4420615e+01   1.6178761e+00
  -7.2217432e+01   2.2691578e+00
  -3.9725248e+01   3.0848783e+00
  -3.9713684e+01   1.9041446e+00
  -8.9568826e+01   1.7717553e+00
  -1.6262316e+01   1.5111433e+00
   1.6276962e+01   1.1024413e+00
  -5.4365487e+01   1.6252127e+00
  -2.2462691e+01   1.3687720e+00
  -8.1781330e+01   1.3566348e+00
  -2.0355965e+01   3.4310601e+00
  -6.9899808e+01   2.5590817e+00
  -5.1573742e+01   1.3956563e+00
  -4.4664846e+01   2.2768564e+00
  -9.0704735e+01   2.7351730e+00
  -6.6389213e+01   2.9420067e+00
  -4.9298238e+01   1.4506743e+00
  -3.5994007e+01   2.4312590e+00
  -3.5325602e+01   1.8443360e+00
  -7.4820349e+01   2.9773205e+00
   2.0156743e+01   1.6431983e+00
  -3.5788428e+01   1.6181871e+00
  -1.9967732e+01   2.7612806e+00
  -7.2847812e+01   2.3466355e+00
  -2.5750344e+00   2.1146347e+00
   5.9634239e+01   2.8131087e+00
  -5.1854645e+01   3.7754436e+00
  -4.5306720e+01   1.5081364e+00
  -4.5073719e+01   1.1883608e+00
  -7.8551445e+01   1.3021904e-01
  -2.2535720e+01   2.1902646e+00
  -9.3976759e+01   3.8039364e+00
  -1.8947958e+01   4.8576750e+00
   1.1743370e+01   3.2329751e+00
   5.2376478e+01   7.1823238e-01
  -1.8034048e+01   3.4171402e+00
  -4.0910741e+01   3.4209389e+00
   2.1007252e+00   4.0383803e-01
  -6.1276148e+01   1.7232630e+00
  -1.8331229e+01   2.2744532e+00
  -8.2429207e+01   1.9936282e+00
  -4.2019003e+01   1.7216678e+00
  -1.8838988e+00   1.4361009e+00
  -3.1787534e+01   3.0097722e+00
   6.5164975e+00   3.3603058e+00
  -2.2297558e+01   1.8970895e+00
   7.8803359e+00   2.8447300e+00
  -8.3376054e+01   1.3659578e+00
  -4.8593657e+01   2.3957649e+00
  -1.3830355e+01   3.4648642e+00
  -6.7154088e+01   1.5986384e+00
  -7.7512222e+01   6.7934878e-01
  -6.1053895e+01   2.9793563e+00
  -5.2631566e+01   3.1400670e+00
   5.3351710e+01   3.2405338e+00
  -6.5350027e+01   2.3612633e+00
  -6.8397656e+00   2.2880432e+00
  -8.9695531e+01   3.4406697e-01
  -4.1890282e+01   3.3951024e+00
  -5.6278224e+00   3.1225086e+00
  -7.3262908e+00   2.0673730e+00
   8.6729608e+00   1.7904964e+00
  -3.6035271e+01   1.4269733e+00
   1.9082324e+00   1.9305707e+00
  -7.4159592e+01   2.2089458e+00
  -4.0350546e+01   2.6108414e+00
  -4.1398551e+02   8.5466393e+00
  -3.1025657e+02   7.1011092e+00
  -3.6510605e+02   7.7937118e+00
  -1.3334761e+02   1.6268544e+00
  -2.6639345e+02   7.3545216e+00
  -8.5573840e+01   7.7712008e-01
  -4.2146273e+02   6.8818134e+00
  -9.8680273e+01   6.2066665e+00
  -2.1959364e+02   4.2945943e+00
  -1.6881156e+02   2.3693858e+00
  -3.2835732e+02   7.2919436e+00
  -2.3861245e+02   3.0923559e+00
  -3.1953047e+02   9.1662563e+00
  -3.7924519e+02   3.3304680e+00
  -4.6008721e+02   8.3293266e+00
  -3.4907412e+02   5.1396533e+00
  -2.6636581e+02   3.8059648e+00
  -3.4940016e+02   6.3140275e+00
  -2.4407201e+02   4.5968578e+00
  -2.8347811e+02   5.0920446e+00
  -2.3317971e+02   3.8846646e+00
  -3.6138389e+02   7.2564741e+00
  -3.1161083e+02   3.3341774e+00
  -2.3173492e+02   3.2702627e+00
  -3.7531310e+02   6.5764985e+00
  -2.4258617e+02   2.9961981e+00
  -2.8734681e+02   4.0579033e+00
  -3.6788996e+02   6.9871420e+00
  -1.9208870e+02   6.3453384e+00
  -1.5696426e+02   7.7880532e+00
  -2.0348782e+02   4.6639307e+00
  -3.3834669e+02   7.6218915e+00
  -3.4567077e+02   4.6275511e+00
  -1.6107529e+02   6.4935126e+00
  -2.4088827e+02   8.7819017e+00
  -2.5291265e+02   7.1074839e+00
  -3.8940231e+02   4.6942293e+00
  -4.3727262e+02   6.1220544e+00
  -2.9436420e+02   3.9452683e+00
  -3.0492277e+02   6.8225224e+00
  -3.1604561e+02   7.7751670e+00
  -4.9633282e+02   9.4058600e+00
  -1.6112049e+02   2.3014869e+00
  -4.5001768e+02   7.8785029e+00
  -1.3775294e+02   6.4412731e-01
  -2.5223475e+02   6.5793204e+00
  -3.6449921e+02   5.1416241e+00
  -3.1869295e+02   4.5607091e+00
  -3.4355582e+02   3.9902461e+00
  -2.5086439e+02   2.2249089e+00
  -1.6756148e+02   7.2983539e+00
  -3.2121669e+02   9.2678387e+00
  -2.3450072e+02   4.1714561e+00
  -3.0937183e+02   9.1548452e-01
  -3.9513884e+02   5.6269678e+00
  -4.6637888e+02   3.7217931e+00
  -3.7310927e+02   3.9144292e+00
  -1.7060736e+02   2.6606323e+00
  -4.1876419e+02   4.6847771e+00
  -2.5682656e+02   3.7003626e+00
  -1.9619248e+02   5.8988064e+00
  -4.9705542e+02   6.9551640e+00
  -2.5774382e+02   4.5916920e+00
  -3.1535949e+02   5.7341697e+00
  -1.9620892e+02   3.3960523e+00
  -1.5971125e+02   4.8632023e+00
  -4.0096074e+02   2.9398618e+00
  -1.1519967e+02   1.5252534e+00
  -3.3828230e+02   3.8399996e+00
  -1.4525358e+02   3.6316858e+00
  -1.6784940e+02   7.0508151e+00
  -4.3705624e+02   7.5005080e+00
  -2.5776483e+02   5.2282781e+00
  -4.1816274e+01  -1.5457186e+00
  -4.0862788e+02   7.5444401e+00
  -2.9595621e+02   5.1222034e+00
  -1.4911438e+02   2.3574035e+00
  -1.9457123e+02   3.2064191e+00
  -2.9188232e+02   1.0847604e+01
  -4.2030973e+02   7.9992890e+00
  -3.2285621e+02   5.6978425e+00
  -4.6095553e+02   6.9391490e+00
  -3.6243273e+02   5.0117959e+00
  -3.8022161e+02   7.9717283e+00
  -3.0602480e+02   3.5384675e+00
  -2.9190902e+02   1.1623811e+01
  -3.5240055e+02   7.1008399e+00
  -5.1369490e+02   9.0789151e+00
  -3.3208558e+02   7.6386460e+00
  -3.4730700e+02   3.9844139e+00
  -2.8456440e+02   7.7771072e+00
  -2.1108689e+02   3.2211039e+00
  -2.3765429e+02   2.3521981e+00
  -3.1472561e+02   1.1562356e+01
  -1.9831537e+02   6.6682822e+00
  -3.3089940e+02   9.3859743e+00
  -3.2911582e+02   9.1038040e+00
  -1.7818291e+02   4.4311545e+00
  -2.0979149e+02   8.6896544e+00
  -2.7574396e+02   6.5774387e+00
  -3.6295674e+02   7.3078960e+00
  -3.1856612e+02   8.4148586e+00
  -2.1967216e+02   9.0198601e+00
  -2.6123753e+02   8.1462209e+00
  -4.0689786e+02   9.6890817e+00
  -2.8828727e+02   8.6697103e+00
  -2.4220217e+02   9.3501322e+00
  -1.7890418e+02   6.4698043e+00
  -3.8769295e+02   5.5948837e+00
  -3.2717758e+02   6.5925210e+00
  -5.5820039e+02   9.4034703e+00
  -1.9995166e+02   3.4384648e+00
  -2.6380250e+02   2.8374079e+00
  -3.4450382e+02   5.7374254e+00
  -2.7935350e+02   1.0021920e+01
  -3.2511795e+02   7.1941116e+00
  -4.8820525e+02   6.9418498e+00
  -3.1558005e+02   6.8398547e+00
  -4.0196287e+02   6.8033240e+00
  -2.5243856e+02   4.3987059e+00
  -2.5665198e+02   5.8712139e+00
  -2.4161694e+02   5.8061396e+00
  -3.7584243e+02   7.8111426e+00
  -3.6398362e+02   5.9631179e+00
  -2.3906876e+02   8.4735504e+00
  -2.3692977e+02   2.8247547e+00
  -1.9496150e+02   5.3467210e+00
  -2.4667998e+02   6.9633689e+00
  -2.0808534e+02   3.8023363e+00
  -5.3033094e+02   1.1979400e+01
  -5.3801153e+02   1.0564870e+01
  -2.5686823e+02   8.9478119e+00
  -1.4534754e+02   3.9735920e+00
  -2.6035670e+02   8.1797766e+00
  -2.7124566e+02   3.0255524e+00
  -3.5194317e+02   6.2238941e+00
  -2.0844140e+02   7.6892466e+00
  -2.4993050e+02   2.7090268e+00
  -2.1543671e+02   4.4696061e+00
  -2.5747446e+02   6.6670364e+00
  -1.3492485e+02   2.7215060e+00
  -3.7927637e+02   1.0595177e+00
  -2.5251744e+02   5.8861184e+00
  -4.1462762e+02   5.5755786e+00
  -5.6393725e+02   6.6114794e+00
  -2.3822382e+02   2.3955741e+00
  -2.8257188e+02   5.2322477e+00
  -2.3020142e+02   5.6009664e+00
  -8.9834138e+01   3.8232025e+00
  -2.2432427e+02   7.8915582e+00
  -2.7593219e+02   6.6665317e+00
  -3.6217008e+02   5.4324747e+00
  -1.5267035e+02   3.7526182e+00
  -2.8260033e+02   7.6901132e+00
  -3.1532494e+02   4.4834458e+00
  -2.1472296e+02   6.2411355e+00
  -3.1609320e+02   7.3514603e+00
  -3.4852777e+02   7.9583645e+00
  -5.4606309e+02   8.1116741e+00
  -3.7954157e+02   6.2973089e+00
  -2.4591562e+02   6.5400278e+00
  -2.2707324e+02   3.9192523e+00
  -3.6623879e+02   4.4214809e+00
  -5.8922144e+02   6.2916646e+00
  -2.7561206e+02   1.8533746e+00
  -3.6885631e+02   5.0957845e+00
  -7.3188762e+01   1.9674807e+00
  -2.8138307e+02   7.0507075e+00
  -2.1478170e+02   4.5099122e+00
  -2.0940133e+02   5.3365501e+00
  -4.6757342e+02   8.6115523e+00
  -5.0883803e+02   5.9509883e+00
  -3.0887172e+02   5.0389378e+00
  -3.7999510e+02   9.1383326e+00
  -4.1036043e+02   4.9808583e+00
  -3.1459693e+02   8.3504417e+00
  -2.8843995e+02   4.7686067e+00
  -2.9072490e+02   4.3275928e+00
  -2.7341468e+02   1.1510827e+01
  -3.8523440e+02   6.5089877e+00
  -4.5157852e+02   1.0699272e+01
  -5.1213437e+02   7.0356035e+00
  -2.3695481e+02   5.9901481e+00
  -3.4635160e+02   8.4797806e+00
  -2.4664488e+02   7.0680532e+00
  -5.8698294e+02   8.0365917e+00
  -2.2391210e+02   6.7094733e+00
  -3.7150024e+02   5.4874680e+00
  -3.7185770e+02   5.8632750e+00
  -2.9459848e+02   5.0612469e+00
  -1.1785424e+02   1.2083888e+00
  -2.9518844e+02   7.0391710e+00
  -2.7997674e+02   3.7564001e+00
  -3.9347493e+02   8.8465610e+00
  -4.5520046e+02   4.2375928e+00
  -1.7657598e+02   4.1051524e+00
  -3.0669297e+02   7.2457407e+00
  -1.6443458e+02   3.0996384e+00
  -3.4808419e+02   5.9680156e+00
  -2.4777158e+02   4.6417558e+00
  -2.6215225e+02   6.0472113e+00
  -2.6015299e+02   5.9224882e+00
  -5.9248483e+02   1.1301247e+01
  -1.7078756e+02   5.8720786e+00
  -2.8375148e+02   4.1831843e+00
  -3.5408947e+02   9.1602900e+00
  -4.1398551e+02   4.7006516e+00
  -3.1025657e+02   3.9056101e+00
  -3.6510605e+02   4.2865415e+00
  -1.3334761e+02   8.9476990e-01
  -2.6639345e+02   4.0449869e+00
  -8.5573840e+01   4.2741604e-01
  -4.2146273e+02   3.7849974e+00
  -9.8680273e+01   3.4136666e+00
  -2.1959364e+02   2.3620269e+00
  -1.6881156e+02   1.3031622e+00
  -3.2835732e+02   4.0105690e+00
  -2.3861245e+02   1.7007958e+00
  -3.1953047e+02   5.0414410e+00
  -3.7924519e+02   1.8317574e+00
  -4.6008721e+02   4.5811296e+00
  -3.4907412e+02   2.8268093e+00
  -2.6636581e+02   2.0932806e+00
  -3.4940016e+02   3.4727151e+00
  -2.4407201e+02   2.5282718e+00
  -2.8347811e+02   2.8006245e+00
  -2.3317971e+02   2.1365655e+00
  -3.6138389e+02   3.9910607e+00
  -3.1161083e+02   1.8337975e+00
  -2.3173492e+02   1.7986445e+00
  -3.7531310e+02   3.6170742e+00
  -2.4258617e+02   1.6479090e+00
  -2.8734681e+02   2.2318468e+00
  -3.6788996e+02   3.8429281e+00
  -1.9208870e+02   3.4899361e+00
  -1.5696426e+02   4.2834292e+00
  -2.0348782e+02   2.5651619e+00
  -3.3834669e+02   4.1920403e+00
  -3.4567077e+02   2.5451531e+00
  -1.6107529e+02   3.5714319e+00
  -2.4088827e+02   4.8300460e+00
  -2.5291265e+02   3.9091161e+00
  -3.8940231e+02   2.5818261e+00
  -4.3727262e+02   3.3671299e+00
  -2.9436420e+02   2.1698976e+00
  -3.0492277e+02   3.7523873e+00
  -3.1604561e+02   4.2763418e+00
  -4.9633282e+02   5.1732230e+00
  -1.6112049e+02   1.2658178e+00
  -4.5001768e+02   4.3331766e+00
  -1.3775294e+02   3.5427002e-01
  -2.5223475e+02   3.6186262e+00
  -3.6449921e+02   2.8278933e+00
  -3.1869295e+02   2.5083900e+00
  -3.4355582e+02   2.1946353e+00
  -2.5086439e+02   1.2236999e+00
  -1.6756148e+02   4.0140946e+00
  -3.2121669e+02   5.0973113e+00
  -2.3450072e+02   2.2943008e+00
  -3.0937183e+02   5.0351649e-01
  -3.9513884e+02   3.0948323e+00
  -4.6637888e+02   2.0469862e+00
  -3.7310927e+02   2.1529360e+00
  -1.7060736e+02   1.4633478e+00
  -4.1876419e+02   2.5766274e+00
  -2.5682656e+02   2.0351994e+00
  -1.9619248e+02   3.2443435e+00
  -4.9705542e+02   3.8253402e+00
  -2.5774382e+02   2.5254306e+00
  -3.1535949e+02   3.1537933e+00
  -1.9620892e+02   1.8678288e+00
  -1.5971125e+02   2.6747613e+00
  -4.0096074e+02   1.6169240e+00
  -1.1519967e+02   8.3888939e-01
  -3.3828230e+02   2.1119998e+00
  -1.4525358e+02   1.9974272e+00
  -1.6784940e+02   3.8779483e+00
  -4.3705624e+02   4.1252794e+00
  -2.5776483e+02   2.8755529e+00
  -4.1816274e+01  -8.5014526e-01
  -4.0862788e+02   4.1494420e+00
  -2.9595621e+02   2.8172119e+00
  -1.4911438e+02   1.2965719e+00
  -1.9457123e+02   1.7635305e+00
  -2.9188232e+02   5.9661824e+00
  -4.2030973e+02   4.3996089e+00
  -3.2285621e+02   3.1338134e+00
  -4.6095553e+02   3.8165320e+00
  -3.6243273e+02   2.7564877e+00
  -3.8022161e+02   4.3844506e+00
  -3.0602480e+02   1.9461571e+00
  -2.9190902e+02   6.3930958e+00
  -3.5240055e+02   3.9054619e+00
  -5.1369490e+02   4.9934033e+00
  -3.3208558e+02   4.2012553e+00
  -3.4730700e+02   2.1914276e+00
  -2.8456440e+02   4.2774090e+00
  -2.1108689e+02   1.7716072e+00
  -2.3765429e+02   1.2937089e+00
  -3.1472561e+02   6.3592957e+00
  -1.9831537e+02   3.6675552e+00
  -3.3089940e+02   5.1622859e+00
  -3.2911582e+02   5.0070922e+00
  -1.7818291e+02   2.4371350e+00
  -2.0979149e+02   4.7793099e+00
  -2.7574396e+02   3.6175913e+00
  -3.6295674e+02   4.0193428e+00
  -3.1856612e+02   4.6281722e+00
  -2.1967216e+02   4.9609231e+00
  -2.6123753e+02   4.4804215e+00
  -4.0689786e+02   5.3289949e+00
  -2.8828727e+02   4.7683406e+00
  -2.4220217e+02   5.1425727e+00
  -1.7890418e+02   3.5583924e+00
  -3.8769295e+02   3.0771860e+00
  -3.2717758e+02   3.6258865e+00
  -5.5820039e+02   5.1719087e+00
  -1.9995166e+02   1.8911556e+00
  -2.6380250e+02   1.5605744e+00
  -3.4450382e+02   3.1555840e+00
  -2.7935350e+02   5.5120562e+00
  -3.2511795e+02   3.9567614e+00
  -4.8820525e+02   3.8180174e+00
  -3.1558005e+02   3.7619201e+00
  -4.0196287e+02   3.7418282e+00
  -2.5243856e+02   2.4192882e+00
  -2.5665198e+02   3.2291676e+00
  -2.4161694e+02   3.1933768e+00
  -3.7584243e+02   4.2961284e+00
  -3.6398362e+02   3.2797148e+00
  -2.3906876e+02   4.6604527e+00
  -2.3692977e+02   1.5536151e+00
  -1.9496150e+02   2.9406966e+00
  -2.4667998e+02   3.8298529e+00
  -2.0808534e+02   2.0912850e+00
  -5.3033094e+02   6.5886699e+00
  -5.3801153e+02   5.8106786e+00
  -2.5686823e+02   4.9212965e+00
  -1.4534754e+02   2.1854756e+00
  -2.6035670e+02   4.4988771e+00
  -2.7124566e+02   1.6640538e+00
  -3.5194317e+02   3.4231417e+00
  -2.0844140e+02   4.2290856e+00
  -2.4993050e+02   1.4899647e+00
  -2.1543671e+02   2.4582834e+00
  -2.5747446e+02   3.6668700e+00
  -1.3492485e+02   1.4968283e+00
  -3.7927637e+02   5.8273475e-01
  -2.5251744e+02   3.2373651e+00
  -4.1462762e+02   3.0665682e+00
  -5.6393725e+02   3.6363137e+00
  -2.3822382e+02   1.3175657e+00
  -2.8257188e+02   2.8777362e+00
  -2.3020142e+02   3.0805315e+00
  -8.9834138e+01   2.1027614e+00
  -2.2432427e+02   4.3403570e+00
  -2.7593219e+02   3.6665925e+00
  -3.6217008e+02   2.9878611e+00
  -1.5267035e+02   2.0639400e+00
  -2.8260033e+02   4.2295623e+00
  -3.1532494e+02   2.4658952e+00
  -2.1472296e+02   3.4326245e+00
  -3.1609320e+02   4.0433031e+00
  -3.4852777e+02   4.3771005e+00
  -5.4606309e+02   4.4614207e+00
  -3.7954157e+02   3.4635199e+00
  -2.4591562e+02   3.5970153e+00
  -2.2707324e+02   2.1555888e+00
  -3.6623879e+02   2.4318145e+00
  -5.8922144e+02   3.4604155e+00
  -2.7561206e+02   1.0193560e+00
  -3.6885631e+02   2.8026815e+00
  -7.3188762e+01   1.0821144e+00
  -2.8138307e+02   3.8778891e+00
  -2.1478170e+02   2.4804517e+00
  -2.0940133e+02   2.9351026e+00
  -4.6757342e+02   4.7363537e+00
  -5.0883803e+02   3.2730436e+00
  -3.0887172e+02   2.7714158e+00
  -3.7999510e+02   5.0260829e+00
  -4.1036043e+02   2.7394721e+00
  -3.1459693e+02   4.5927429e+00
  -2.8843995e+02   2.6227337e+00
  -2.9072490e+02   2.3801760e+00
  -2.7341468e+02   6.3309548e+00
  -3.8523440e+02   3.5799432e+00
  -4.5157852e+02   5.8845994e+00
  -5.1213437e+02   3.8695819e+00
  -2.3695481e+02   3.2945815e+00
  -3.4635160e+02   4.6638793e+00
  -2.4664488e+02   3.8874292e+00
  -5.8698294e+02   4.4201254e+00
  -2.2391210e+02   3.6902103e+00
  -3.7150024e+02   3.0181074e+00
  -3.7185770e+02   3.2248012e+00
  -2.9459848e+02   2.7836858e+00
  -1.1785424e+02   6.6461384e-01
  -2.9518844e+02   3.8715440e+00
  -2.7997674e+02   2.0660201e+00
  -3.9347493e+02   4.8656085e+00
  -4.5520046e+02   2.3306760e+00
  -1.7657598e+02   2.2578338e+00
  -3.0669297e+02   3.9851574e+00
  -1.6443458e+02   1.7048011e+00
  -3.4808419e+02   3.2824086e+00
  -2.4777158e+02   2.5529657e+00
  -2.6215225e+02   3.3259662e+00
  -2.6015299e+02   3.2573685e+00
  -5.9248483e+02   6.2156859e+00
  -1.7078756e+02   3.2296432e+00
  -2.8375148e+02   2.3007514e+00
  -3.5408947e+02   5.0381595e+00
